GOBPID	Pvalue	OddsRatio	ExpCount	Count	Size	Term	GENEID_list	GENENAME_list
GO:0001707	0.0460085875864249	3.68668252080856	1.4374822795577	4	12	mesoderm formation	ENSXMAG00000012033,ENSXMAG00000005286,ENSXMAG00000009185,ENSXMAG00000013306	tbxta,etv5a,rock2a,eaf1
GO:0001732	0.0142128596761865	11.0576009501188	0.598950949815707	3	5	formation of cytoplasmic translation initiation complex	ENSXMAG00000018061,ENSXMAG00000003098,ENSXMAG00000013796	eif3g,eif3k,eif3c
GO:0002183	0.0259130481757953	7.37054631828979	0.718741139778849	3	6	cytoplasmic translational initiation	ENSXMAG00000018061,ENSXMAG00000003098,ENSXMAG00000013796	eif3g,eif3k,eif3c
GO:0003140	0.0156872481095893	5.90154577883472	1.07811170966827	4	9	determination of left/right asymmetry in lateral mesoderm	ENSXMAG00000001388,ENSXMAG00000012033,ENSXMAG00000018708,ENSXMAG00000018311	atp6ap1b,tbxta,ncln,ikzf5
GO:0006123	0.0259130481757953	7.37054631828979	0.718741139778849	3	6	mitochondrial electron transport, cytochrome c to oxygen	ENSXMAG00000003100,ENSXMAG00000016032,ENSXMAG00000019350	cox4i1,cox7a2l,cox6c
GO:0006206	0.0142128596761865	11.0576009501188	0.598950949815707	3	5	pyrimidine nucleobase metabolic process	ENSXMAG00000016110,ENSXMAG00000005369,ENSXMAG00000001814	CPS1,cad,umps
GO:0006207	0.0142128596761865	11.0576009501188	0.598950949815707	3	5	'de novo' pyrimidine nucleobase biosynthetic process	ENSXMAG00000016110,ENSXMAG00000005369,ENSXMAG00000001814	CPS1,cad,umps
GO:0006323	0.0440939995566591	3.07390873015873	2.03643322937341	5	17	DNA packaging	ENSXMAG00000004169,ENSXMAG00000015363,ENSXMAG00000013718,ENSXMAG00000018350,ENSXMAG00000010515	supt5h,SHPRH,setb,tspy,kat6a
GO:0006325	1.18184488668706e-05	2.49033238452728	17.3695775446555	36	145	chromatin organization	ENSXMAG00000000741,ENSXMAG00000000948,ENSXMAG00000004820,ENSXMAG00000010813,ENSXMAG00000011282,ENSXMAG00000011929,ENSXMAG00000016262,ENSXMAG00000002542,ENSXMAG00000003378,ENSXMAG00000004169,ENSXMAG00000006338,ENSXMAG00000008341,ENSXMAG00000009758,ENSXMAG00000010716,ENSXMAG00000014708,ENSXMAG00000015363,ENSXMAG00000015721,ENSXMAG00000015985,ENSXMAG00000016160,ENSXMAG00000000044,ENSXMAG00000003004,ENSXMAG00000003666,ENSXMAG00000004648,ENSXMAG00000008128,ENSXMAG00000009167,ENSXMAG00000013718,ENSXMAG00000018350,ENSXMAG00000003412,ENSXMAG00000003691,ENSXMAG00000004215,ENSXMAG00000010515,ENSXMAG00000013377,ENSXMAG00000014057,ENSXMAG00000014323,ENSXMAG00000015898,ENSXMAG00000018590	waca,ercc6l,BAZ1A,phf8,ing5a,CREBBP,kat7b,carm1,kdm5ba,supt5h,ARID1B,BPTF,l3mbtl2,ARID1A,MBTD1,SHPRH,dicer1,kdm2aa,pbrm1l,HIRA,JAK2,CABIN1,KDM7A,kdm1a,nr3c1,setb,tspy,brd2a,EP300,SATB2,kat6a,bag6,KDM2B,EPC1,chd1l,CHD7
GO:0006333	0.0093649820403227	5.27380952380952	1.4374822795577	5	12	chromatin assembly or disassembly	ENSXMAG00000004169,ENSXMAG00000015363,ENSXMAG00000013718,ENSXMAG00000018350,ENSXMAG00000010515	supt5h,SHPRH,setb,tspy,kat6a
GO:0006334	0.0156872481095893	5.90154577883472	1.07811170966827	4	9	nucleosome assembly	ENSXMAG00000015363,ENSXMAG00000013718,ENSXMAG00000018350,ENSXMAG00000010515	SHPRH,setb,tspy,kat6a
GO:0006338	0.0284930719814599	1.7564118882454	11.2602778565353	18	94	chromatin remodeling	ENSXMAG00000000948,ENSXMAG00000004820,ENSXMAG00000011929,ENSXMAG00000016262,ENSXMAG00000003378,ENSXMAG00000006338,ENSXMAG00000008341,ENSXMAG00000010716,ENSXMAG00000015363,ENSXMAG00000016160,ENSXMAG00000008128,ENSXMAG00000013718,ENSXMAG00000018350,ENSXMAG00000003691,ENSXMAG00000004215,ENSXMAG00000010515,ENSXMAG00000015898,ENSXMAG00000018590	ercc6l,BAZ1A,CREBBP,kat7b,kdm5ba,ARID1B,BPTF,ARID1A,SHPRH,pbrm1l,kdm1a,setb,tspy,EP300,SATB2,kat6a,chd1l,CHD7
GO:0006353	0.0395770540754496	14.7283511269276	0.359370569889424	2	3	DNA-templated transcription, termination	ENSXMAG00000011305,ENSXMAG00000006872	dhx9,pcf11
GO:0006379	0.0259130481757953	7.37054631828979	0.718741139778849	3	6	mRNA cleavage	ENSXMAG00000017836,ENSXMAG00000015721,ENSXMAG00000006872	tarbp2,dicer1,pcf11
GO:0006396	0.00173176702571213	1.64742002789159	34.0204139495322	51	284	RNA processing	ENSXMAG00000000085,ENSXMAG00000000827,ENSXMAG00000001018,ENSXMAG00000002227,ENSXMAG00000003331,ENSXMAG00000005445,ENSXMAG00000014236,ENSXMAG00000016475,ENSXMAG00000017099,ENSXMAG00000017836,ENSXMAG00000018160,ENSXMAG00000018818,ENSXMAG00000018921,ENSXMAG00000000679,ENSXMAG00000004713,ENSXMAG00000006408,ENSXMAG00000006816,ENSXMAG00000008850,ENSXMAG00000012662,ENSXMAG00000012755,ENSXMAG00000015012,ENSXMAG00000015448,ENSXMAG00000015721,ENSXMAG00000016302,ENSXMAG00000017907,ENSXMAG00000018139,ENSXMAG00000001825,ENSXMAG00000002058,ENSXMAG00000002426,ENSXMAG00000002472,ENSXMAG00000002608,ENSXMAG00000004638,ENSXMAG00000006896,ENSXMAG00000008026,ENSXMAG00000009020,ENSXMAG00000009151,ENSXMAG00000009532,ENSXMAG00000009600,ENSXMAG00000013134,ENSXMAG00000014017,ENSXMAG00000018630,ENSXMAG00000000242,ENSXMAG00000002014,ENSXMAG00000002316,ENSXMAG00000004188,ENSXMAG00000005729,ENSXMAG00000006297,ENSXMAG00000006872,ENSXMAG00000010241,ENSXMAG00000016907,ENSXMAG00000017969	ints2,fmr1,snrpd2,trnt1,wtap,zranb2,bms1,CELF3,rbm39b,tarbp2,sart3,tsen54,tsr3,phf5a,prpf18,zbtb8os,cdc5l,snrpe,zgc:163098,smndc1,ybey,snrpf,dicer1,trit1,DHX8,ftsj3,elp3,snrnp200,dgcr8,POP1,u2surp,pdcd11,crnkl1,cherp,sfswap,LSM3,gemin2,TARBP1,VIRMA,rbm24b,lsm7,xrn2,thoc7,GAR1,wdr33,pus10,magoh,pcf11,pin4,PNPT1,rpf1
GO:0006428	0.0143347398736554	Inf	0.239580379926283	2	2	isoleucyl-tRNA aminoacylation	ENSXMAG00000018636,ENSXMAG00000017562	iars2,iars1
GO:0006464	0.00416038069054713	1.31605159453622	113.441309895095	139	947	cellular protein modification process	ENSXMAG00000000211,ENSXMAG00000001721,ENSXMAG00000003519,ENSXMAG00000004084,ENSXMAG00000004548,ENSXMAG00000005497,ENSXMAG00000006673,ENSXMAG00000007314,ENSXMAG00000007364,ENSXMAG00000008273,ENSXMAG00000008612,ENSXMAG00000010290,ENSXMAG00000011929,ENSXMAG00000011935,ENSXMAG00000012460,ENSXMAG00000014350,ENSXMAG00000016262,ENSXMAG00000017487,ENSXMAG00000018776,ENSXMAG00000019355,ENSXMAG00000000076,ENSXMAG00000000747,ENSXMAG00000001614,ENSXMAG00000001846,ENSXMAG00000001932,ENSXMAG00000002542,ENSXMAG00000003006,ENSXMAG00000004922,ENSXMAG00000005765,ENSXMAG00000006429,ENSXMAG00000006566,ENSXMAG00000008233,ENSXMAG00000008665,ENSXMAG00000009142,ENSXMAG00000009354,ENSXMAG00000009437,ENSXMAG00000009731,ENSXMAG00000009913,ENSXMAG00000011476,ENSXMAG00000011868,ENSXMAG00000012847,ENSXMAG00000013137,ENSXMAG00000013187,ENSXMAG00000014405,ENSXMAG00000014515,ENSXMAG00000015451,ENSXMAG00000015793,ENSXMAG00000016133,ENSXMAG00000016386,ENSXMAG00000016499,ENSXMAG00000016851,ENSXMAG00000017552,ENSXMAG00000018063,ENSXMAG00000018390,ENSXMAG00000018838,ENSXMAG00000019288,ENSXMAG00000000828,ENSXMAG00000001356,ENSXMAG00000002442,ENSXMAG00000002473,ENSXMAG00000002768,ENSXMAG00000002775,ENSXMAG00000003004,ENSXMAG00000003196,ENSXMAG00000004345,ENSXMAG00000004939,ENSXMAG00000005037,ENSXMAG00000005081,ENSXMAG00000005398,ENSXMAG00000005903,ENSXMAG00000006471,ENSXMAG00000006926,ENSXMAG00000008128,ENSXMAG00000008797,ENSXMAG00000009282,ENSXMAG00000010323,ENSXMAG00000010809,ENSXMAG00000010828,ENSXMAG00000012812,ENSXMAG00000013115,ENSXMAG00000013155,ENSXMAG00000013537,ENSXMAG00000013681,ENSXMAG00000014035,ENSXMAG00000014059,ENSXMAG00000015073,ENSXMAG00000015186,ENSXMAG00000015682,ENSXMAG00000015785,ENSXMAG00000015836,ENSXMAG00000015956,ENSXMAG00000016958,ENSXMAG00000017017,ENSXMAG00000018028,ENSXMAG00000018686,ENSXMAG00000018969,ENSXMAG00000019002,ENSXMAG00000019136,ENSXMAG00000019957,ENSXMAG00000020161,ENSXMAG00000000022,ENSXMAG00000001855,ENSXMAG00000002171,ENSXMAG00000002545,ENSXMAG00000002551,ENSXMAG00000002736,ENSXMAG00000003430,ENSXMAG00000003691,ENSXMAG00000003822,ENSXMAG00000004949,ENSXMAG00000004986,ENSXMAG00000004993,ENSXMAG00000005339,ENSXMAG00000005775,ENSXMAG00000006578,ENSXMAG00000007159,ENSXMAG00000008582,ENSXMAG00000008684,ENSXMAG00000009185,ENSXMAG00000009550,ENSXMAG00000009880,ENSXMAG00000010515,ENSXMAG00000010851,ENSXMAG00000010900,ENSXMAG00000011552,ENSXMAG00000012635,ENSXMAG00000013102,ENSXMAG00000014454,ENSXMAG00000014460,ENSXMAG00000015100,ENSXMAG00000015491,ENSXMAG00000015819,ENSXMAG00000015876,ENSXMAG00000015990,ENSXMAG00000016375,ENSXMAG00000017148,ENSXMAG00000017442,ENSXMAG00000018648,ENSXMAG00000018972	oxsr1a,wdsub1,RANBP2,PPP6R2,pak1,cdc14ab,AKT1,usp16,csk,skp1,tlk2,srpk1a,CREBBP,mink1,stk10,STT3B,kat7b,WNK2,phkg2,arih2,stub1,PTPRM,RING1,AAK1,ptpn4a,carm1,EPM2A,araf,ctdp1,PKN1,MGAT5B,ehmt2,limk1a,MAST1,hectd1,USP32,UBE3A,bmp2k,ube4b,traf4a,stk35,pigq,lnx2b,ptp4a1,pomt2,GALNT10,prmt2,HERC2,UBR2,CAMKV,igf1rb,PIAS1,dnmt1,erbb2,csnk1g2a,cul4a,PIK3R4,anapc5,cdk4,chfr,pomgnt2,lrrk2,JAK2,pak4,WWP1,tyro3,CDK19,KALRN,MAST2,MARK4,MAST3,PTK7,kdm1a,cbl,ctr9,slkb,gsk3ab,HUWE1,ephb4a,tnni3k,pdp1,cdc42bpb,BMPR2,usp25,RNF5,galnt2,BRSK2,st6galnac1.1,LONRF3,DOK7,pofut2,tmem165,extl3,usp9,MAP3K10,fnta,USP31,ptpn23a,b3galt6,SOCS6,ddb1,RFT1,alg6,rnf19a,KSR2,tbk1,csnk1db,EP300,mettl22,TLK1,map3k7,PIGO,prkcba,ULK2,prkcaa,rnf217,cdk17,RNF146,rock2a,fut11,uggt1,kat6a,agbl5,nlk1,tlk1b,LOXL4,zgc:92907,PTEN,ikbkb,DTX1,dapk1,arih1,dtx4a,ppm1bb,pigk,FUT8,npr1a,insrb,shrprbck1r
GO:0006465	0.0142128596761865	11.0576009501188	0.598950949815707	3	5	signal peptide processing	ENSXMAG00000004036,ENSXMAG00000017133,ENSXMAG00000015996	spcs1,sec11a,spcs3
GO:0006487	0.0460085875864249	3.68668252080856	1.4374822795577	4	12	protein N-linked glycosylation	ENSXMAG00000006566,ENSXMAG00000016958,ENSXMAG00000001855,ENSXMAG00000013102	MGAT5B,tmem165,RFT1,zgc:92907
GO:0006490	0.0142128596761865	11.0576009501188	0.598950949815707	3	5	oligosaccharide-lipid intermediate biosynthetic process	ENSXMAG00000001855,ENSXMAG00000002171,ENSXMAG00000013102	RFT1,alg6,zgc:92907
GO:0006511	0.00529582798248714	2.02956751985878	11.7394386163879	21	98	ubiquitin-dependent protein catabolic process	ENSXMAG00000004893,ENSXMAG00000007314,ENSXMAG00000008273,ENSXMAG00000009354,ENSXMAG00000009437,ENSXMAG00000009731,ENSXMAG00000011476,ENSXMAG00000016386,ENSXMAG00000018021,ENSXMAG00000019288,ENSXMAG00000004345,ENSXMAG00000013626,ENSXMAG00000014035,ENSXMAG00000014059,ENSXMAG00000017166,ENSXMAG00000018028,ENSXMAG00000018120,ENSXMAG00000019002,ENSXMAG00000000022,ENSXMAG00000008684,ENSXMAG00000008741	psma3,usp16,skp1,hectd1,USP32,UBE3A,ube4b,UBR2,anapc11,cul4a,WWP1,UBR1,usp25,RNF5,bap1,usp9,psmb3,USP31,ddb1,RNF146,rad23aa
GO:0006807	0.018849869389146	1.16874218282669	361.407003118798	390	3017	nitrogen compound metabolic process	ENSXMAG00000000085,ENSXMAG00000000211,ENSXMAG00000000545,ENSXMAG00000000827,ENSXMAG00000001018,ENSXMAG00000001254,ENSXMAG00000001469,ENSXMAG00000001721,ENSXMAG00000001795,ENSXMAG00000001963,ENSXMAG00000002227,ENSXMAG00000002512,ENSXMAG00000003023,ENSXMAG00000003331,ENSXMAG00000003519,ENSXMAG00000003554,ENSXMAG00000004084,ENSXMAG00000004354,ENSXMAG00000004548,ENSXMAG00000004893,ENSXMAG00000005100,ENSXMAG00000005276,ENSXMAG00000005445,ENSXMAG00000005497,ENSXMAG00000006522,ENSXMAG00000006673,ENSXMAG00000006974,ENSXMAG00000007309,ENSXMAG00000007314,ENSXMAG00000007364,ENSXMAG00000007745,ENSXMAG00000008273,ENSXMAG00000008612,ENSXMAG00000009112,ENSXMAG00000010069,ENSXMAG00000010081,ENSXMAG00000010290,ENSXMAG00000010813,ENSXMAG00000011848,ENSXMAG00000011929,ENSXMAG00000011935,ENSXMAG00000012423,ENSXMAG00000012460,ENSXMAG00000014236,ENSXMAG00000014350,ENSXMAG00000014465,ENSXMAG00000014535,ENSXMAG00000014912,ENSXMAG00000016110,ENSXMAG00000016262,ENSXMAG00000016475,ENSXMAG00000016665,ENSXMAG00000016767,ENSXMAG00000016945,ENSXMAG00000017099,ENSXMAG00000017447,ENSXMAG00000017487,ENSXMAG00000017836,ENSXMAG00000018061,ENSXMAG00000018088,ENSXMAG00000018160,ENSXMAG00000018636,ENSXMAG00000018776,ENSXMAG00000018818,ENSXMAG00000018921,ENSXMAG00000019187,ENSXMAG00000019214,ENSXMAG00000019355,ENSXMAG00000000076,ENSXMAG00000000493,ENSXMAG00000000666,ENSXMAG00000000679,ENSXMAG00000000693,ENSXMAG00000000747,ENSXMAG00000001454,ENSXMAG00000001538,ENSXMAG00000001550,ENSXMAG00000001614,ENSXMAG00000001846,ENSXMAG00000001932,ENSXMAG00000002082,ENSXMAG00000002306,ENSXMAG00000002542,ENSXMAG00000002782,ENSXMAG00000002967,ENSXMAG00000003006,ENSXMAG00000003098,ENSXMAG00000003510,ENSXMAG00000004032,ENSXMAG00000004036,ENSXMAG00000004093,ENSXMAG00000004169,ENSXMAG00000004254,ENSXMAG00000004669,ENSXMAG00000004713,ENSXMAG00000004922,ENSXMAG00000005015,ENSXMAG00000005364,ENSXMAG00000005735,ENSXMAG00000005765,ENSXMAG00000005918,ENSXMAG00000005975,ENSXMAG00000006031,ENSXMAG00000006408,ENSXMAG00000006429,ENSXMAG00000006566,ENSXMAG00000006816,ENSXMAG00000006954,ENSXMAG00000008071,ENSXMAG00000008179,ENSXMAG00000008233,ENSXMAG00000008341,ENSXMAG00000008661,ENSXMAG00000008665,ENSXMAG00000008850,ENSXMAG00000008978,ENSXMAG00000009142,ENSXMAG00000009354,ENSXMAG00000009437,ENSXMAG00000009671,ENSXMAG00000009731,ENSXMAG00000009758,ENSXMAG00000009877,ENSXMAG00000009913,ENSXMAG00000011389,ENSXMAG00000011408,ENSXMAG00000011476,ENSXMAG00000011644,ENSXMAG00000011825,ENSXMAG00000011868,ENSXMAG00000012033,ENSXMAG00000012200,ENSXMAG00000012662,ENSXMAG00000012755,ENSXMAG00000012847,ENSXMAG00000013137,ENSXMAG00000013158,ENSXMAG00000013187,ENSXMAG00000013559,ENSXMAG00000013796,ENSXMAG00000014174,ENSXMAG00000014198,ENSXMAG00000014278,ENSXMAG00000014405,ENSXMAG00000014515,ENSXMAG00000014708,ENSXMAG00000015012,ENSXMAG00000015052,ENSXMAG00000015345,ENSXMAG00000015369,ENSXMAG00000015448,ENSXMAG00000015451,ENSXMAG00000015721,ENSXMAG00000015793,ENSXMAG00000015985,ENSXMAG00000016133,ENSXMAG00000016221,ENSXMAG00000016302,ENSXMAG00000016386,ENSXMAG00000016499,ENSXMAG00000016851,ENSXMAG00000016861,ENSXMAG00000017133,ENSXMAG00000017552,ENSXMAG00000017562,ENSXMAG00000017907,ENSXMAG00000018021,ENSXMAG00000018063,ENSXMAG00000018139,ENSXMAG00000018390,ENSXMAG00000018411,ENSXMAG00000018838,ENSXMAG00000018857,ENSXMAG00000019037,ENSXMAG00000019288,ENSXMAG00000000044,ENSXMAG00000000397,ENSXMAG00000000494,ENSXMAG00000000828,ENSXMAG00000001356,ENSXMAG00000001825,ENSXMAG00000001905,ENSXMAG00000002058,ENSXMAG00000002141,ENSXMAG00000002237,ENSXMAG00000002403,ENSXMAG00000002426,ENSXMAG00000002442,ENSXMAG00000002472,ENSXMAG00000002473,ENSXMAG00000002540,ENSXMAG00000002608,ENSXMAG00000002765,ENSXMAG00000002768,ENSXMAG00000002775,ENSXMAG00000003004,ENSXMAG00000003042,ENSXMAG00000003196,ENSXMAG00000003474,ENSXMAG00000004345,ENSXMAG00000004638,ENSXMAG00000004939,ENSXMAG00000005037,ENSXMAG00000005081,ENSXMAG00000005169,ENSXMAG00000005196,ENSXMAG00000005286,ENSXMAG00000005369,ENSXMAG00000005398,ENSXMAG00000005531,ENSXMAG00000005903,ENSXMAG00000006417,ENSXMAG00000006471,ENSXMAG00000006581,ENSXMAG00000006676,ENSXMAG00000006896,ENSXMAG00000006926,ENSXMAG00000007222,ENSXMAG00000007535,ENSXMAG00000007644,ENSXMAG00000008026,ENSXMAG00000008128,ENSXMAG00000008797,ENSXMAG00000009020,ENSXMAG00000009151,ENSXMAG00000009167,ENSXMAG00000009187,ENSXMAG00000009265,ENSXMAG00000009282,ENSXMAG00000009467,ENSXMAG00000009532,ENSXMAG00000009600,ENSXMAG00000009854,ENSXMAG00000010323,ENSXMAG00000010809,ENSXMAG00000010816,ENSXMAG00000010828,ENSXMAG00000011303,ENSXMAG00000011305,ENSXMAG00000011323,ENSXMAG00000011864,ENSXMAG00000012464,ENSXMAG00000012812,ENSXMAG00000012853,ENSXMAG00000013115,ENSXMAG00000013134,ENSXMAG00000013155,ENSXMAG00000013157,ENSXMAG00000013436,ENSXMAG00000013537,ENSXMAG00000013564,ENSXMAG00000013626,ENSXMAG00000013681,ENSXMAG00000014017,ENSXMAG00000014035,ENSXMAG00000014059,ENSXMAG00000015073,ENSXMAG00000015121,ENSXMAG00000015186,ENSXMAG00000015682,ENSXMAG00000015760,ENSXMAG00000015785,ENSXMAG00000015836,ENSXMAG00000015931,ENSXMAG00000015956,ENSXMAG00000015996,ENSXMAG00000016325,ENSXMAG00000016520,ENSXMAG00000016928,ENSXMAG00000016958,ENSXMAG00000017017,ENSXMAG00000017166,ENSXMAG00000017258,ENSXMAG00000018028,ENSXMAG00000018120,ENSXMAG00000018454,ENSXMAG00000018544,ENSXMAG00000018630,ENSXMAG00000018686,ENSXMAG00000018708,ENSXMAG00000018842,ENSXMAG00000018969,ENSXMAG00000018982,ENSXMAG00000019002,ENSXMAG00000019034,ENSXMAG00000019136,ENSXMAG00000019279,ENSXMAG00000019957,ENSXMAG00000020161,ENSXMAG00000000022,ENSXMAG00000000108,ENSXMAG00000000242,ENSXMAG00000000274,ENSXMAG00000000752,ENSXMAG00000000917,ENSXMAG00000001110,ENSXMAG00000001163,ENSXMAG00000001814,ENSXMAG00000001855,ENSXMAG00000001955,ENSXMAG00000002014,ENSXMAG00000002171,ENSXMAG00000002259,ENSXMAG00000002316,ENSXMAG00000002545,ENSXMAG00000002551,ENSXMAG00000002564,ENSXMAG00000002736,ENSXMAG00000002856,ENSXMAG00000002905,ENSXMAG00000002972,ENSXMAG00000003430,ENSXMAG00000003549,ENSXMAG00000003691,ENSXMAG00000003822,ENSXMAG00000004188,ENSXMAG00000004501,ENSXMAG00000004949,ENSXMAG00000004986,ENSXMAG00000004993,ENSXMAG00000005339,ENSXMAG00000005729,ENSXMAG00000005775,ENSXMAG00000006123,ENSXMAG00000006297,ENSXMAG00000006578,ENSXMAG00000006872,ENSXMAG00000007003,ENSXMAG00000007103,ENSXMAG00000007159,ENSXMAG00000007623,ENSXMAG00000007630,ENSXMAG00000007850,ENSXMAG00000007990,ENSXMAG00000008582,ENSXMAG00000008684,ENSXMAG00000008741,ENSXMAG00000009185,ENSXMAG00000009281,ENSXMAG00000009317,ENSXMAG00000009402,ENSXMAG00000009550,ENSXMAG00000009570,ENSXMAG00000009880,ENSXMAG00000010241,ENSXMAG00000010449,ENSXMAG00000010515,ENSXMAG00000010851,ENSXMAG00000010900,ENSXMAG00000011132,ENSXMAG00000011421,ENSXMAG00000011552,ENSXMAG00000012122,ENSXMAG00000012427,ENSXMAG00000012635,ENSXMAG00000013102,ENSXMAG00000013306,ENSXMAG00000013703,ENSXMAG00000014002,ENSXMAG00000014057,ENSXMAG00000014075,ENSXMAG00000014126,ENSXMAG00000014260,ENSXMAG00000014323,ENSXMAG00000014437,ENSXMAG00000014454,ENSXMAG00000014460,ENSXMAG00000014879,ENSXMAG00000015100,ENSXMAG00000015152,ENSXMAG00000015491,ENSXMAG00000015819,ENSXMAG00000015876,ENSXMAG00000015898,ENSXMAG00000015990,ENSXMAG00000016342,ENSXMAG00000016375,ENSXMAG00000016384,ENSXMAG00000016616,ENSXMAG00000016907,ENSXMAG00000017148,ENSXMAG00000017187,ENSXMAG00000017442,ENSXMAG00000017969,ENSXMAG00000018428,ENSXMAG00000018590,ENSXMAG00000018648,ENSXMAG00000018961,ENSXMAG00000018972,ENSXMAG00000019281	ints2,oxsr1a,ptdss2,fmr1,snrpd2,ckmt2a,znf598,wdsub1,HMBOX1,NFX1,trnt1,NT5M,ubp1,wtap,RANBP2,tsc22d1,PPP6R2,plpbp,pak1,psma3,ciao2a,ALDH1L2,zranb2,cdc14ab,xrcc1,AKT1,brca2,bach1a,usp16,csk,pole,skp1,tlk2,atrx,nfyal,NRDC,srpk1a,phf8,tufm,CREBBP,mink1,zc3h13,stk10,bms1,STT3B,taf12,stat5b,rps2,CPS1,kat7b,CELF3,rimkla,elk3,psmc5,rbm39b,cnot7,WNK2,tarbp2,eif3g,smpd2a,sart3,iars2,phkg2,tsen54,tsr3,mrpl16,TPP2,arih2,stub1,psmb5,fxr1,phf5a,ZFHX4,PTPRM,LARS1,MME,swi5,RING1,AAK1,ptpn4a,pde8a,senp5,carm1,isca1,SFMBT2,EPM2A,eif3k,foxk1,POLR1A,spcs1,bcl9,supt5h,pcyox1,E2F1,prpf18,araf,rfx3,hsbp1a,edc4,ctdp1,ruvbl2,pycr3,cnot1,zbtb8os,PKN1,MGAT5B,cdc5l,nbn,gatb,psmd2,ehmt2,BPTF,ndst1a,limk1a,snrpe,ctbp1,MAST1,hectd1,USP32,mrtfab,UBE3A,l3mbtl2,RBPJ,bmp2k,atg4c,fam20b,ube4b,foxk2a,sat1b,traf4a,tbxta,adpgk,zgc:163098,smndc1,stk35,pigq,FOXK2,lnx2b,adcy2b,eif3c,NHERF2,npepps,mtr,ptp4a1,pomt2,MBTD1,ybey,YEATS2,TOP1,NFKB1,snrpf,GALNT10,dicer1,prmt2,kdm2aa,HERC2,gsr,trit1,UBR2,CAMKV,igf1rb,SRBD1,sec11a,PIAS1,iars1,DHX8,anapc11,dnmt1,ftsj3,erbb2,GPBP1L1,csnk1g2a,zgc:158376,pola1,cul4a,HIRA,ATF2,ADAMTS7,PIK3R4,anapc5,elp3,HSF1,snrnp200,RAPGEF2,ak4,azin1a,dgcr8,cdk4,POP1,chfr,upf1,u2surp,ccar1,pomgnt2,lrrk2,JAK2,atp5f1c,pak4,yeats4,WWP1,pdcd11,tyro3,CDK19,KALRN,dffb,ythdc1,etv5a,cad,MAST2,spic,MARK4,cry2,MAST3,gne,RFX7,crnkl1,PTK7,pgm3,psmb7,mllt3,cherp,kdm1a,cbl,sfswap,LSM3,nr3c1,psen1,eif4g2a,ctr9,HLCS,gemin2,TARBP1,zgc:154142,slkb,gsk3ab,ERF,HUWE1,top2a,dhx9,sms,chaf1a,POLRMT,ephb4a,RFX1,tnni3k,VIRMA,pdp1,fosl1a,nr2f5,cdc42bpb,pbx2,UBR1,BMPR2,rbm24b,usp25,RNF5,galnt2,rxrbb,BRSK2,st6galnac1.1,NKX2-8,LONRF3,DOK7,qars1,pofut2,spcs3,rpl11,uros,clocka,tmem165,extl3,bap1,capn7,usp9,psmb3,ELOB,mocs1,lsm7,MAP3K10,ncln,PDE8B,fnta,hmgcrb,USP31,SHMT2,ptpn23a,cnot2,b3galt6,SOCS6,ddb1,med13a,xrn2,med12,sem1,POLG,eno2,tpi1a,umps,RFT1,CAMTA2,thoc7,alg6,inip,GAR1,rnf19a,KSR2,mllt1b,tbk1,pcsk7,eif1,ADGB,csnk1db,snapc5,EP300,mettl22,wdr33,nbas,TLK1,map3k7,PIGO,prkcba,pus10,ULK2,shmt2,magoh,prkcaa,pcf11,KDM6A,tph1a,rnf217,dcp2,bcl9l,mta2,LONP1,cdk17,RNF146,rad23aa,rock2a,ATR,AMPD3,gars1,fut11,mms19,uggt1,pin4,ppardb,kat6a,agbl5,nlk1,dhh,TLX3,tlk1b,xylt2,pcif1,LOXL4,zgc:92907,eaf1,pnpo,acer3,KDM2B,rpl35a,rnpepl1,pax6b,EPC1,adam10a,PTEN,ikbkb,pax2b,DTX1,ctsba,dapk1,arih1,dtx4a,chd1l,ppm1bb,ctcf,pigk,tert,psmb2,PNPT1,FUT8,ISL2,npr1a,rpf1,rbks,CHD7,insrb,med15,shrprbck1r,CHDH
GO:0006886	0.0160657995910403	1.6607326880721	17.7289481145449	27	148	intracellular protein transport	ENSXMAG00000000350,ENSXMAG00000011294,ENSXMAG00000011485,ENSXMAG00000000415,ENSXMAG00000000433,ENSXMAG00000001032,ENSXMAG00000002745,ENSXMAG00000005205,ENSXMAG00000005752,ENSXMAG00000007246,ENSXMAG00000013186,ENSXMAG00000018000,ENSXMAG00000004482,ENSXMAG00000007662,ENSXMAG00000008458,ENSXMAG00000010930,ENSXMAG00000012793,ENSXMAG00000018792,ENSXMAG00000018805,ENSXMAG00000000535,ENSXMAG00000003514,ENSXMAG00000005243,ENSXMAG00000011931,ENSXMAG00000017141,ENSXMAG00000017916,ENSXMAG00000018357,ENSXMAG00000019291	KPNA6,PEX14,IPO13,ap1g2,xpo7,cltcb,AP2A1,exoc4,appbp2,RIMS1,stx17,SRP72,cog3,napab,bcap29,TOMM40L,TNPO2,kpnb1,AP3B1,exoc6b,ap3d1,RIC1,ap1s1,ssr3,ap1b1,kpna4,tgfbrap1
GO:0006892	0.041366659802194	5.5270190023753	0.83853132974199	3	7	post-Golgi vesicle-mediated transport	ENSXMAG00000005205,ENSXMAG00000006205,ENSXMAG00000006960	exoc4,exoc2,DOP1A
GO:0006893	0.0395770540754496	14.7283511269276	0.359370569889424	2	3	Golgi to plasma membrane transport	ENSXMAG00000005205,ENSXMAG00000006205	exoc4,exoc2
GO:0006903	0.000925502058377273	29.5267538644471	0.598950949815707	4	5	vesicle targeting	ENSXMAG00000011198,ENSXMAG00000014368,ENSXMAG00000005205,ENSXMAG00000000535	tfg,zgc:153240,exoc4,exoc6b
GO:0006913	0.0175624633527666	2.32661870503597	5.51034873830451	11	46	nucleocytoplasmic transport	ENSXMAG00000000350,ENSXMAG00000002443,ENSXMAG00000009922,ENSXMAG00000011485,ENSXMAG00000000433,ENSXMAG00000012793,ENSXMAG00000014884,ENSXMAG00000018792,ENSXMAG00000000752,ENSXMAG00000014130,ENSXMAG00000018357	KPNA6,ranbp1,ran,IPO13,xpo7,TNPO2,xpo4,kpnb1,sem1,nup133,kpna4
GO:0006914	0.0113687457932681	2.29427083333333	6.58846044797278	13	55	autophagy	ENSXMAG00000000325,ENSXMAG00000011652,ENSXMAG00000009806,ENSXMAG00000011389,ENSXMAG00000012847,ENSXMAG00000013631,ENSXMAG00000000828,ENSXMAG00000014982,ENSXMAG00000019275,ENSXMAG00000002371,ENSXMAG00000003514,ENSXMAG00000005775,ENSXMAG00000017429	RAB39B,zgc:92606,atg3,atg4c,stk35,lamp2,PIK3R4,ATG2B,WASHC4,bcas3,ap3d1,ULK2,ATG7
GO:0006915	0.0433327092300753	1.55139349701393	15.9320952650978	23	133	apoptotic process	ENSXMAG00000003331,ENSXMAG00000007078,ENSXMAG00000010813,ENSXMAG00000012753,ENSXMAG00000016892,ENSXMAG00000001378,ENSXMAG00000002809,ENSXMAG00000002863,ENSXMAG00000003296,ENSXMAG00000011868,ENSXMAG00000014007,ENSXMAG00000018452,ENSXMAG00000003201,ENSXMAG00000004970,ENSXMAG00000005169,ENSXMAG00000006767,ENSXMAG00000016325,ENSXMAG00000003412,ENSXMAG00000005339,ENSXMAG00000010827,ENSXMAG00000013377,ENSXMAG00000014454,ENSXMAG00000017918	wtap,ebag9,phf8,bnip3,rhoab,m17,elmo1,tp53bp2a,hm13,traf4a,grinab,coa8,dlg5a,epas1b,dffb,GRAMD4,rpl11,brd2a,prkcba,dedd1,bag6,PTEN,ddit3
GO:0006996	0.0341178083021824	1.26364299821887	72.3532747377375	87	604	organelle organization	ENSXMAG00000000741,ENSXMAG00000000948,ENSXMAG00000001388,ENSXMAG00000004329,ENSXMAG00000004820,ENSXMAG00000006065,ENSXMAG00000008480,ENSXMAG00000009616,ENSXMAG00000010813,ENSXMAG00000011198,ENSXMAG00000011239,ENSXMAG00000011282,ENSXMAG00000011294,ENSXMAG00000011929,ENSXMAG00000012294,ENSXMAG00000014316,ENSXMAG00000014815,ENSXMAG00000016262,ENSXMAG00000016892,ENSXMAG00000016926,ENSXMAG00000017570,ENSXMAG00000002542,ENSXMAG00000002809,ENSXMAG00000003339,ENSXMAG00000003378,ENSXMAG00000004169,ENSXMAG00000005918,ENSXMAG00000006338,ENSXMAG00000006927,ENSXMAG00000006954,ENSXMAG00000007938,ENSXMAG00000008341,ENSXMAG00000008591,ENSXMAG00000009113,ENSXMAG00000009758,ENSXMAG00000010486,ENSXMAG00000010716,ENSXMAG00000013324,ENSXMAG00000014708,ENSXMAG00000015345,ENSXMAG00000015363,ENSXMAG00000015721,ENSXMAG00000015985,ENSXMAG00000016160,ENSXMAG00000018049,ENSXMAG00000018412,ENSXMAG00000000044,ENSXMAG00000001791,ENSXMAG00000002089,ENSXMAG00000003004,ENSXMAG00000003666,ENSXMAG00000003916,ENSXMAG00000004446,ENSXMAG00000004637,ENSXMAG00000004648,ENSXMAG00000008128,ENSXMAG00000009167,ENSXMAG00000009903,ENSXMAG00000010030,ENSXMAG00000010930,ENSXMAG00000011303,ENSXMAG00000013537,ENSXMAG00000013582,ENSXMAG00000013718,ENSXMAG00000016377,ENSXMAG00000017399,ENSXMAG00000018170,ENSXMAG00000018350,ENSXMAG00000002134,ENSXMAG00000002742,ENSXMAG00000003412,ENSXMAG00000003691,ENSXMAG00000004215,ENSXMAG00000005746,ENSXMAG00000007120,ENSXMAG00000007153,ENSXMAG00000009185,ENSXMAG00000010515,ENSXMAG00000010683,ENSXMAG00000011902,ENSXMAG00000013377,ENSXMAG00000014057,ENSXMAG00000014323,ENSXMAG00000015078,ENSXMAG00000015898,ENSXMAG00000018590,ENSXMAG00000019200	waca,ercc6l,atp6ap1b,ift81,BAZ1A,sbds,PDS5B,pds5a,phf8,tfg,DIAPH1,ing5a,PEX14,CREBBP,MAU2,rhot1a,MAP7D1,kat7b,rhoab,nipbla,CLIP1,carm1,elmo1,spire1a,kdm5ba,supt5h,ruvbl2,ARID1B,bbip1,nbn,ndufa11,BPTF,cluha,hook2,l3mbtl2,RTTN,ARID1A,ccdc32,MBTD1,TOP1,SHPRH,dicer1,kdm2aa,pbrm1l,prc1b,WAS,HIRA,DNAJC13,arl13b,JAK2,CABIN1,wash1,cyfip2,mfn2,KDM7A,kdm1a,nr3c1,wasf3b,spice1,TOMM40L,top2a,cdc42bpb,ocrl,setb,reep5,twf1a,mfn1b,tspy,mtfr1l,sycp1,brd2a,EP300,SATB2,miga2,miga1,wdr11,rock2a,kat6a,wasla,fsd1,bag6,KDM2B,EPC1,man1a2,chd1l,CHD7,fbxo18
GO:0007062	0.0460085875864249	3.68668252080856	1.4374822795577	4	12	sister chromatid cohesion	ENSXMAG00000008480,ENSXMAG00000009616,ENSXMAG00000012294,ENSXMAG00000016926	PDS5B,pds5a,MAU2,nipbla
GO:0007064	0.0053082326739304	9.83908045977011	0.83853132974199	4	7	mitotic sister chromatid cohesion	ENSXMAG00000008480,ENSXMAG00000009616,ENSXMAG00000012294,ENSXMAG00000016926	PDS5B,pds5a,MAU2,nipbla
GO:0007215	0.0356687245521497	2.58490453460621	3.23433512900482	7	27	glutamate receptor signaling pathway	ENSXMAG00000015342,ENSXMAG00000014975,ENSXMAG00000017142,ENSXMAG00000010477,ENSXMAG00000006209,ENSXMAG00000014647,ENSXMAG00000016959	GRM1,gria1b,GRIN2C,gria1a,GRIN2B,GRIK3,GRID1
GO:0007264	0.0190551672313432	1.70933090024331	14.7341933654664	23	123	small GTPase mediated signal transduction	ENSXMAG00000000325,ENSXMAG00000005703,ENSXMAG00000012749,ENSXMAG00000014316,ENSXMAG00000016892,ENSXMAG00000010643,ENSXMAG00000011415,ENSXMAG00000012029,ENSXMAG00000016344,ENSXMAG00000001494,ENSXMAG00000002141,ENSXMAG00000005864,ENSXMAG00000015120,ENSXMAG00000015718,ENSXMAG00000017609,ENSXMAG00000003689,ENSXMAG00000004153,ENSXMAG00000004238,ENSXMAG00000007277,ENSXMAG00000009185,ENSXMAG00000009465,ENSXMAG00000014615,ENSXMAG00000017092	RAB39B,rapgef1b,TSC2,rhot1a,rhoab,DOCK9,ralgps2,GIT1,dock1,git2b,RAPGEF2,GBF1,RASAL1,DOCK3,TIAM1,dock5,rab33ba,rab4b,rock2a,rhogc,sos2,gna13a
GO:0007265	0.0276912363714354	2.24133551079659	5.15097816841508	10	43	Ras protein signal transduction	ENSXMAG00000000325,ENSXMAG00000016892,ENSXMAG00000012029,ENSXMAG00000001494,ENSXMAG00000005864,ENSXMAG00000015120,ENSXMAG00000004153,ENSXMAG00000004238,ENSXMAG00000009185,ENSXMAG00000017092	RAB39B,rhoab,GIT1,git2b,GBF1,RASAL1,rab33ba,rab4b,rock2a,gna13a
GO:0007498	0.0261404866202407	2.5706716534206	3.71349588885739	8	31	mesoderm development	ENSXMAG00000001388,ENSXMAG00000012033,ENSXMAG00000005286,ENSXMAG00000016928,ENSXMAG00000018708,ENSXMAG00000009185,ENSXMAG00000013306,ENSXMAG00000018311	atp6ap1b,tbxta,etv5a,clocka,ncln,rock2a,eaf1,ikzf5
GO:0008053	0.000204628661844062	Inf	0.479160759852566	4	4	mitochondrial fusion	ENSXMAG00000004637,ENSXMAG00000018170,ENSXMAG00000005746,ENSXMAG00000007120	mfn2,mfn1b,miga2,miga1
GO:0008104	0.0011959731839761	1.66433606902357	35.0985256592005	53	293	protein localization	ENSXMAG00000000350,ENSXMAG00000001388,ENSXMAG00000004462,ENSXMAG00000009922,ENSXMAG00000011214,ENSXMAG00000011294,ENSXMAG00000011485,ENSXMAG00000013149,ENSXMAG00000016926,ENSXMAG00000000415,ENSXMAG00000000433,ENSXMAG00000000669,ENSXMAG00000001032,ENSXMAG00000002261,ENSXMAG00000002745,ENSXMAG00000003339,ENSXMAG00000005205,ENSXMAG00000005752,ENSXMAG00000006205,ENSXMAG00000006749,ENSXMAG00000007246,ENSXMAG00000011389,ENSXMAG00000013186,ENSXMAG00000018000,ENSXMAG00000004482,ENSXMAG00000005864,ENSXMAG00000007662,ENSXMAG00000008458,ENSXMAG00000010930,ENSXMAG00000012250,ENSXMAG00000012793,ENSXMAG00000017632,ENSXMAG00000018175,ENSXMAG00000018208,ENSXMAG00000018792,ENSXMAG00000018805,ENSXMAG00000000535,ENSXMAG00000003514,ENSXMAG00000004238,ENSXMAG00000004501,ENSXMAG00000005243,ENSXMAG00000005909,ENSXMAG00000007189,ENSXMAG00000010406,ENSXMAG00000011931,ENSXMAG00000012365,ENSXMAG00000014130,ENSXMAG00000016375,ENSXMAG00000017141,ENSXMAG00000017429,ENSXMAG00000017916,ENSXMAG00000018357,ENSXMAG00000019291	KPNA6,atp6ap1b,sec63,ran,atp6ap2,PEX14,IPO13,yif1a,nipbla,ap1g2,xpo7,VPS50,cltcb,snx18b,AP2A1,spire1a,exoc4,appbp2,exoc2,vps37a,RIMS1,atg4c,stx17,SRP72,cog3,GBF1,napab,bcap29,TOMM40L,dag1,TNPO2,vps25,yif1b,mzt1,kpnb1,AP3B1,exoc6b,ap3d1,rab4b,nbas,RIC1,vps54,PGAP1,MON2,ap1s1,arcn1b,nup133,pigk,ssr3,ATG7,ap1b1,kpna4,tgfbrap1
GO:0008152	0.025551070937029	1.15753887762001	440.947689254324	468	3681	metabolic process	ENSXMAG00000000024,ENSXMAG00000000085,ENSXMAG00000000211,ENSXMAG00000000325,ENSXMAG00000000545,ENSXMAG00000000827,ENSXMAG00000001018,ENSXMAG00000001254,ENSXMAG00000001469,ENSXMAG00000001721,ENSXMAG00000001795,ENSXMAG00000001963,ENSXMAG00000002227,ENSXMAG00000002512,ENSXMAG00000003023,ENSXMAG00000003331,ENSXMAG00000003519,ENSXMAG00000003554,ENSXMAG00000004084,ENSXMAG00000004354,ENSXMAG00000004548,ENSXMAG00000004893,ENSXMAG00000005100,ENSXMAG00000005276,ENSXMAG00000005445,ENSXMAG00000005497,ENSXMAG00000006522,ENSXMAG00000006673,ENSXMAG00000006974,ENSXMAG00000007309,ENSXMAG00000007314,ENSXMAG00000007364,ENSXMAG00000007745,ENSXMAG00000008273,ENSXMAG00000008612,ENSXMAG00000008819,ENSXMAG00000009112,ENSXMAG00000010069,ENSXMAG00000010081,ENSXMAG00000010290,ENSXMAG00000010813,ENSXMAG00000011652,ENSXMAG00000011848,ENSXMAG00000011913,ENSXMAG00000011929,ENSXMAG00000011935,ENSXMAG00000012423,ENSXMAG00000012460,ENSXMAG00000012753,ENSXMAG00000014236,ENSXMAG00000014350,ENSXMAG00000014465,ENSXMAG00000014535,ENSXMAG00000014912,ENSXMAG00000015545,ENSXMAG00000016110,ENSXMAG00000016262,ENSXMAG00000016475,ENSXMAG00000016660,ENSXMAG00000016665,ENSXMAG00000016767,ENSXMAG00000016926,ENSXMAG00000016945,ENSXMAG00000017099,ENSXMAG00000017264,ENSXMAG00000017447,ENSXMAG00000017487,ENSXMAG00000017836,ENSXMAG00000018061,ENSXMAG00000018088,ENSXMAG00000018160,ENSXMAG00000018636,ENSXMAG00000018776,ENSXMAG00000018818,ENSXMAG00000018921,ENSXMAG00000019187,ENSXMAG00000019214,ENSXMAG00000019355,ENSXMAG00000019422,ENSXMAG00000000076,ENSXMAG00000000493,ENSXMAG00000000666,ENSXMAG00000000679,ENSXMAG00000000693,ENSXMAG00000000747,ENSXMAG00000000797,ENSXMAG00000001329,ENSXMAG00000001454,ENSXMAG00000001538,ENSXMAG00000001550,ENSXMAG00000001614,ENSXMAG00000001803,ENSXMAG00000001846,ENSXMAG00000001932,ENSXMAG00000002082,ENSXMAG00000002306,ENSXMAG00000002542,ENSXMAG00000002782,ENSXMAG00000002967,ENSXMAG00000003006,ENSXMAG00000003098,ENSXMAG00000003510,ENSXMAG00000004032,ENSXMAG00000004036,ENSXMAG00000004093,ENSXMAG00000004169,ENSXMAG00000004209,ENSXMAG00000004254,ENSXMAG00000004669,ENSXMAG00000004713,ENSXMAG00000004922,ENSXMAG00000005015,ENSXMAG00000005364,ENSXMAG00000005399,ENSXMAG00000005735,ENSXMAG00000005765,ENSXMAG00000005875,ENSXMAG00000005918,ENSXMAG00000005975,ENSXMAG00000006031,ENSXMAG00000006408,ENSXMAG00000006429,ENSXMAG00000006566,ENSXMAG00000006749,ENSXMAG00000006816,ENSXMAG00000006954,ENSXMAG00000007236,ENSXMAG00000007880,ENSXMAG00000008071,ENSXMAG00000008179,ENSXMAG00000008233,ENSXMAG00000008341,ENSXMAG00000008661,ENSXMAG00000008665,ENSXMAG00000008786,ENSXMAG00000008850,ENSXMAG00000008978,ENSXMAG00000009142,ENSXMAG00000009354,ENSXMAG00000009437,ENSXMAG00000009671,ENSXMAG00000009731,ENSXMAG00000009758,ENSXMAG00000009806,ENSXMAG00000009877,ENSXMAG00000009913,ENSXMAG00000010644,ENSXMAG00000011389,ENSXMAG00000011408,ENSXMAG00000011476,ENSXMAG00000011644,ENSXMAG00000011794,ENSXMAG00000011825,ENSXMAG00000011868,ENSXMAG00000012033,ENSXMAG00000012200,ENSXMAG00000012532,ENSXMAG00000012662,ENSXMAG00000012755,ENSXMAG00000012847,ENSXMAG00000013132,ENSXMAG00000013137,ENSXMAG00000013158,ENSXMAG00000013187,ENSXMAG00000013559,ENSXMAG00000013631,ENSXMAG00000013796,ENSXMAG00000014174,ENSXMAG00000014198,ENSXMAG00000014278,ENSXMAG00000014405,ENSXMAG00000014515,ENSXMAG00000014708,ENSXMAG00000015012,ENSXMAG00000015052,ENSXMAG00000015222,ENSXMAG00000015345,ENSXMAG00000015363,ENSXMAG00000015369,ENSXMAG00000015448,ENSXMAG00000015451,ENSXMAG00000015721,ENSXMAG00000015793,ENSXMAG00000015985,ENSXMAG00000016133,ENSXMAG00000016221,ENSXMAG00000016302,ENSXMAG00000016386,ENSXMAG00000016499,ENSXMAG00000016851,ENSXMAG00000016861,ENSXMAG00000017133,ENSXMAG00000017552,ENSXMAG00000017562,ENSXMAG00000017907,ENSXMAG00000018021,ENSXMAG00000018063,ENSXMAG00000018139,ENSXMAG00000018390,ENSXMAG00000018411,ENSXMAG00000018838,ENSXMAG00000018857,ENSXMAG00000019037,ENSXMAG00000019288,ENSXMAG00000000044,ENSXMAG00000000397,ENSXMAG00000000494,ENSXMAG00000000549,ENSXMAG00000000586,ENSXMAG00000000828,ENSXMAG00000000851,ENSXMAG00000000877,ENSXMAG00000001356,ENSXMAG00000001363,ENSXMAG00000001412,ENSXMAG00000001825,ENSXMAG00000001905,ENSXMAG00000002058,ENSXMAG00000002141,ENSXMAG00000002237,ENSXMAG00000002403,ENSXMAG00000002426,ENSXMAG00000002442,ENSXMAG00000002472,ENSXMAG00000002473,ENSXMAG00000002501,ENSXMAG00000002540,ENSXMAG00000002608,ENSXMAG00000002765,ENSXMAG00000002768,ENSXMAG00000002775,ENSXMAG00000003004,ENSXMAG00000003042,ENSXMAG00000003100,ENSXMAG00000003196,ENSXMAG00000003414,ENSXMAG00000003474,ENSXMAG00000003494,ENSXMAG00000003540,ENSXMAG00000004037,ENSXMAG00000004090,ENSXMAG00000004345,ENSXMAG00000004638,ENSXMAG00000004939,ENSXMAG00000005037,ENSXMAG00000005081,ENSXMAG00000005169,ENSXMAG00000005196,ENSXMAG00000005286,ENSXMAG00000005369,ENSXMAG00000005398,ENSXMAG00000005531,ENSXMAG00000005903,ENSXMAG00000006356,ENSXMAG00000006417,ENSXMAG00000006471,ENSXMAG00000006581,ENSXMAG00000006676,ENSXMAG00000006896,ENSXMAG00000006926,ENSXMAG00000007222,ENSXMAG00000007535,ENSXMAG00000007644,ENSXMAG00000008026,ENSXMAG00000008128,ENSXMAG00000008130,ENSXMAG00000008574,ENSXMAG00000008689,ENSXMAG00000008797,ENSXMAG00000008957,ENSXMAG00000009020,ENSXMAG00000009151,ENSXMAG00000009167,ENSXMAG00000009187,ENSXMAG00000009265,ENSXMAG00000009282,ENSXMAG00000009467,ENSXMAG00000009532,ENSXMAG00000009600,ENSXMAG00000009854,ENSXMAG00000010323,ENSXMAG00000010327,ENSXMAG00000010809,ENSXMAG00000010816,ENSXMAG00000010828,ENSXMAG00000010910,ENSXMAG00000011303,ENSXMAG00000011305,ENSXMAG00000011323,ENSXMAG00000011864,ENSXMAG00000012143,ENSXMAG00000012464,ENSXMAG00000012812,ENSXMAG00000012853,ENSXMAG00000013115,ENSXMAG00000013134,ENSXMAG00000013155,ENSXMAG00000013157,ENSXMAG00000013436,ENSXMAG00000013461,ENSXMAG00000013537,ENSXMAG00000013564,ENSXMAG00000013582,ENSXMAG00000013626,ENSXMAG00000013681,ENSXMAG00000014017,ENSXMAG00000014035,ENSXMAG00000014059,ENSXMAG00000014598,ENSXMAG00000014862,ENSXMAG00000014972,ENSXMAG00000014982,ENSXMAG00000015073,ENSXMAG00000015121,ENSXMAG00000015186,ENSXMAG00000015262,ENSXMAG00000015682,ENSXMAG00000015760,ENSXMAG00000015785,ENSXMAG00000015836,ENSXMAG00000015880,ENSXMAG00000015931,ENSXMAG00000015956,ENSXMAG00000015996,ENSXMAG00000016032,ENSXMAG00000016234,ENSXMAG00000016325,ENSXMAG00000016520,ENSXMAG00000016835,ENSXMAG00000016928,ENSXMAG00000016958,ENSXMAG00000017017,ENSXMAG00000017166,ENSXMAG00000017258,ENSXMAG00000018028,ENSXMAG00000018120,ENSXMAG00000018454,ENSXMAG00000018544,ENSXMAG00000018630,ENSXMAG00000018686,ENSXMAG00000018708,ENSXMAG00000018842,ENSXMAG00000018969,ENSXMAG00000018982,ENSXMAG00000019002,ENSXMAG00000019034,ENSXMAG00000019136,ENSXMAG00000019275,ENSXMAG00000019279,ENSXMAG00000019957,ENSXMAG00000020161,ENSXMAG00000000022,ENSXMAG00000000108,ENSXMAG00000000242,ENSXMAG00000000274,ENSXMAG00000000683,ENSXMAG00000000752,ENSXMAG00000000917,ENSXMAG00000001110,ENSXMAG00000001163,ENSXMAG00000001814,ENSXMAG00000001855,ENSXMAG00000001955,ENSXMAG00000002014,ENSXMAG00000002134,ENSXMAG00000002171,ENSXMAG00000002259,ENSXMAG00000002316,ENSXMAG00000002371,ENSXMAG00000002418,ENSXMAG00000002545,ENSXMAG00000002551,ENSXMAG00000002564,ENSXMAG00000002736,ENSXMAG00000002856,ENSXMAG00000002905,ENSXMAG00000002972,ENSXMAG00000003430,ENSXMAG00000003514,ENSXMAG00000003549,ENSXMAG00000003691,ENSXMAG00000003822,ENSXMAG00000004188,ENSXMAG00000004501,ENSXMAG00000004787,ENSXMAG00000004935,ENSXMAG00000004949,ENSXMAG00000004986,ENSXMAG00000004993,ENSXMAG00000005339,ENSXMAG00000005559,ENSXMAG00000005729,ENSXMAG00000005775,ENSXMAG00000006123,ENSXMAG00000006297,ENSXMAG00000006578,ENSXMAG00000006872,ENSXMAG00000007003,ENSXMAG00000007103,ENSXMAG00000007159,ENSXMAG00000007623,ENSXMAG00000007630,ENSXMAG00000007850,ENSXMAG00000007990,ENSXMAG00000008582,ENSXMAG00000008684,ENSXMAG00000008741,ENSXMAG00000009185,ENSXMAG00000009281,ENSXMAG00000009317,ENSXMAG00000009402,ENSXMAG00000009550,ENSXMAG00000009570,ENSXMAG00000009880,ENSXMAG00000010241,ENSXMAG00000010449,ENSXMAG00000010515,ENSXMAG00000010851,ENSXMAG00000010900,ENSXMAG00000011132,ENSXMAG00000011421,ENSXMAG00000011552,ENSXMAG00000012122,ENSXMAG00000012427,ENSXMAG00000012635,ENSXMAG00000012775,ENSXMAG00000013102,ENSXMAG00000013306,ENSXMAG00000013703,ENSXMAG00000014002,ENSXMAG00000014057,ENSXMAG00000014075,ENSXMAG00000014126,ENSXMAG00000014260,ENSXMAG00000014323,ENSXMAG00000014437,ENSXMAG00000014454,ENSXMAG00000014460,ENSXMAG00000014549,ENSXMAG00000014879,ENSXMAG00000015078,ENSXMAG00000015100,ENSXMAG00000015152,ENSXMAG00000015491,ENSXMAG00000015797,ENSXMAG00000015819,ENSXMAG00000015876,ENSXMAG00000015898,ENSXMAG00000015990,ENSXMAG00000016342,ENSXMAG00000016375,ENSXMAG00000016384,ENSXMAG00000016616,ENSXMAG00000016856,ENSXMAG00000016907,ENSXMAG00000017148,ENSXMAG00000017187,ENSXMAG00000017429,ENSXMAG00000017442,ENSXMAG00000017918,ENSXMAG00000017969,ENSXMAG00000018428,ENSXMAG00000018590,ENSXMAG00000018648,ENSXMAG00000018961,ENSXMAG00000018972,ENSXMAG00000019281,ENSXMAG00000019350	taldo1,ints2,oxsr1a,RAB39B,ptdss2,fmr1,snrpd2,ckmt2a,znf598,wdsub1,HMBOX1,NFX1,trnt1,NT5M,ubp1,wtap,RANBP2,tsc22d1,PPP6R2,plpbp,pak1,psma3,ciao2a,ALDH1L2,zranb2,cdc14ab,xrcc1,AKT1,brca2,bach1a,usp16,csk,pole,skp1,tlk2,nagk,atrx,nfyal,NRDC,srpk1a,phf8,zgc:92606,tufm,PLD1,CREBBP,mink1,zc3h13,stk10,bnip3,bms1,STT3B,taf12,stat5b,rps2,noc3l,CPS1,kat7b,CELF3,sdhb,rimkla,elk3,nipbla,psmc5,rbm39b,inpp5l,cnot7,WNK2,tarbp2,eif3g,smpd2a,sart3,iars2,phkg2,tsen54,tsr3,mrpl16,TPP2,arih2,ch25hl2,stub1,psmb5,fxr1,phf5a,ZFHX4,PTPRM,DGKD,ndufa5,LARS1,MME,swi5,RING1,pfkfb4b,AAK1,ptpn4a,pde8a,senp5,carm1,isca1,SFMBT2,EPM2A,eif3k,foxk1,POLR1A,spcs1,bcl9,supt5h,man1b1b,pcyox1,E2F1,prpf18,araf,rfx3,hsbp1a,ppa2,edc4,ctdp1,mdh1aa,ruvbl2,pycr3,cnot1,zbtb8os,PKN1,MGAT5B,vps37a,cdc5l,nbn,DAGLA,sgpl1,gatb,psmd2,ehmt2,BPTF,ndst1a,limk1a,lrwd1,snrpe,ctbp1,MAST1,hectd1,USP32,mrtfab,UBE3A,l3mbtl2,atg3,RBPJ,bmp2k,MAN1B1,atg4c,fam20b,ube4b,foxk2a,mtm1,sat1b,traf4a,tbxta,adpgk,PIK3C2B,zgc:163098,smndc1,stk35,eef2kmt,pigq,FOXK2,lnx2b,adcy2b,lamp2,eif3c,NHERF2,npepps,mtr,ptp4a1,pomt2,MBTD1,ybey,YEATS2,acsl3b,TOP1,SHPRH,NFKB1,snrpf,GALNT10,dicer1,prmt2,kdm2aa,HERC2,gsr,trit1,UBR2,CAMKV,igf1rb,SRBD1,sec11a,PIAS1,iars1,DHX8,anapc11,dnmt1,ftsj3,erbb2,GPBP1L1,csnk1g2a,zgc:158376,pola1,cul4a,HIRA,ATF2,ADAMTS7,pip4k2aa,PIK3CA,PIK3R4,MAN2A2,OGDH,anapc5,GAA,uqcr10,elp3,HSF1,snrnp200,RAPGEF2,ak4,azin1a,dgcr8,cdk4,POP1,chfr,insig1,upf1,u2surp,ccar1,pomgnt2,lrrk2,JAK2,atp5f1c,cox4i1,pak4,mmut,yeats4,pip4p2,LCTL,acsl1b,mtmr3,WWP1,pdcd11,tyro3,CDK19,KALRN,dffb,ythdc1,etv5a,cad,MAST2,spic,MARK4,GNPAT,cry2,MAST3,gne,RFX7,crnkl1,PTK7,pgm3,psmb7,mllt3,cherp,kdm1a,ebp,pcxb,pfkfb3,cbl,hnrnpaba,sfswap,LSM3,nr3c1,psen1,eif4g2a,ctr9,HLCS,gemin2,TARBP1,zgc:154142,slkb,HACD3,gsk3ab,ERF,HUWE1,sptlc2b,top2a,dhx9,sms,chaf1a,ATP6V1B2,POLRMT,ephb4a,RFX1,tnni3k,VIRMA,pdp1,fosl1a,nr2f5,asmtl,cdc42bpb,pbx2,ocrl,UBR1,BMPR2,rbm24b,usp25,RNF5,ccdc57,PHKA1,ndufv1,ATG2B,galnt2,rxrbb,BRSK2,fa2h,st6galnac1.1,NKX2-8,LONRF3,DOK7,plcxd3,qars1,pofut2,spcs3,cox7a2l,hsd17b4,rpl11,uros,dhtkd1,clocka,tmem165,extl3,bap1,capn7,usp9,psmb3,ELOB,mocs1,lsm7,MAP3K10,ncln,PDE8B,fnta,hmgcrb,USP31,SHMT2,ptpn23a,WASHC4,cnot2,b3galt6,SOCS6,ddb1,med13a,xrn2,med12,aco2,sem1,POLG,eno2,tpi1a,umps,RFT1,CAMTA2,thoc7,mtfr1l,alg6,inip,GAR1,bcas3,ptgs2b,rnf19a,KSR2,mllt1b,tbk1,pcsk7,eif1,ADGB,csnk1db,ap3d1,snapc5,EP300,mettl22,wdr33,nbas,ippk,PNPLA7,TLK1,map3k7,PIGO,prkcba,pi4k2b,pus10,ULK2,shmt2,magoh,prkcaa,pcf11,KDM6A,tph1a,rnf217,dcp2,bcl9l,mta2,LONP1,cdk17,RNF146,rad23aa,rock2a,ATR,AMPD3,gars1,fut11,mms19,uggt1,pin4,ppardb,kat6a,agbl5,nlk1,dhh,TLX3,tlk1b,xylt2,pcif1,LOXL4,neu3.1,zgc:92907,eaf1,pnpo,acer3,KDM2B,rpl35a,rnpepl1,pax6b,EPC1,adam10a,PTEN,ikbkb,ipmkb,pax2b,man1a2,DTX1,ctsba,dapk1,hacd3,arih1,dtx4a,chd1l,ppm1bb,ctcf,pigk,tert,psmb2,AASDH,PNPT1,FUT8,ISL2,ATG7,npr1a,ddit3,rpf1,rbks,CHD7,insrb,med15,shrprbck1r,CHDH,cox6c
GO:0008219	0.046640072581444	1.53716490212841	16.051885455061	23	134	cell death	ENSXMAG00000003331,ENSXMAG00000007078,ENSXMAG00000010813,ENSXMAG00000012753,ENSXMAG00000016892,ENSXMAG00000001378,ENSXMAG00000002809,ENSXMAG00000002863,ENSXMAG00000003296,ENSXMAG00000011868,ENSXMAG00000014007,ENSXMAG00000018452,ENSXMAG00000003201,ENSXMAG00000004970,ENSXMAG00000005169,ENSXMAG00000006767,ENSXMAG00000016325,ENSXMAG00000003412,ENSXMAG00000005339,ENSXMAG00000010827,ENSXMAG00000013377,ENSXMAG00000014454,ENSXMAG00000017918	wtap,ebag9,phf8,bnip3,rhoab,m17,elmo1,tp53bp2a,hm13,traf4a,grinab,coa8,dlg5a,epas1b,dffb,GRAMD4,rpl11,brd2a,prkcba,dedd1,bag6,PTEN,ddit3
GO:0009056	0.0183075415671422	1.36047200552977	51.5097816841508	66	430	catabolic process	ENSXMAG00000000325,ENSXMAG00000002512,ENSXMAG00000004893,ENSXMAG00000005276,ENSXMAG00000007314,ENSXMAG00000008273,ENSXMAG00000011652,ENSXMAG00000011913,ENSXMAG00000016945,ENSXMAG00000017447,ENSXMAG00000000493,ENSXMAG00000002082,ENSXMAG00000004254,ENSXMAG00000005735,ENSXMAG00000006749,ENSXMAG00000008179,ENSXMAG00000009354,ENSXMAG00000009437,ENSXMAG00000009731,ENSXMAG00000009806,ENSXMAG00000011389,ENSXMAG00000011476,ENSXMAG00000011825,ENSXMAG00000012200,ENSXMAG00000012847,ENSXMAG00000013631,ENSXMAG00000016386,ENSXMAG00000018021,ENSXMAG00000019288,ENSXMAG00000000828,ENSXMAG00000002540,ENSXMAG00000004345,ENSXMAG00000005169,ENSXMAG00000005196,ENSXMAG00000007535,ENSXMAG00000013626,ENSXMAG00000014035,ENSXMAG00000014059,ENSXMAG00000014982,ENSXMAG00000016234,ENSXMAG00000017166,ENSXMAG00000018028,ENSXMAG00000018120,ENSXMAG00000018630,ENSXMAG00000018842,ENSXMAG00000019002,ENSXMAG00000019275,ENSXMAG00000000022,ENSXMAG00000001110,ENSXMAG00000001163,ENSXMAG00000002371,ENSXMAG00000003514,ENSXMAG00000004501,ENSXMAG00000004935,ENSXMAG00000005775,ENSXMAG00000007623,ENSXMAG00000007990,ENSXMAG00000008684,ENSXMAG00000008741,ENSXMAG00000009185,ENSXMAG00000012775,ENSXMAG00000016616,ENSXMAG00000016907,ENSXMAG00000017429,ENSXMAG00000018428,ENSXMAG00000018648	RAB39B,NT5M,psma3,ALDH1L2,usp16,skp1,zgc:92606,PLD1,psmc5,cnot7,psmb5,pde8a,pcyox1,edc4,vps37a,psmd2,hectd1,USP32,UBE3A,atg3,atg4c,ube4b,sat1b,adpgk,stk35,lamp2,UBR2,anapc11,cul4a,PIK3R4,upf1,WWP1,dffb,ythdc1,psmb7,UBR1,usp25,RNF5,ATG2B,hsd17b4,bap1,usp9,psmb3,lsm7,PDE8B,USP31,WASHC4,ddb1,eno2,tpi1a,bcas3,ap3d1,nbas,PNPLA7,ULK2,dcp2,LONP1,RNF146,rad23aa,rock2a,neu3.1,psmb2,PNPT1,ATG7,rbks,insrb
GO:0009057	0.00189077949366507	1.80046129612961	22.87992628296	37	191	macromolecule catabolic process	ENSXMAG00000004893,ENSXMAG00000007314,ENSXMAG00000008273,ENSXMAG00000016945,ENSXMAG00000017447,ENSXMAG00000000493,ENSXMAG00000005735,ENSXMAG00000008179,ENSXMAG00000009354,ENSXMAG00000009437,ENSXMAG00000009731,ENSXMAG00000011476,ENSXMAG00000016386,ENSXMAG00000018021,ENSXMAG00000019288,ENSXMAG00000002540,ENSXMAG00000004345,ENSXMAG00000005169,ENSXMAG00000005196,ENSXMAG00000007535,ENSXMAG00000013626,ENSXMAG00000014035,ENSXMAG00000014059,ENSXMAG00000017166,ENSXMAG00000018028,ENSXMAG00000018120,ENSXMAG00000018630,ENSXMAG00000019002,ENSXMAG00000000022,ENSXMAG00000004501,ENSXMAG00000007623,ENSXMAG00000007990,ENSXMAG00000008684,ENSXMAG00000008741,ENSXMAG00000009185,ENSXMAG00000016616,ENSXMAG00000016907	psma3,usp16,skp1,psmc5,cnot7,psmb5,edc4,psmd2,hectd1,USP32,UBE3A,ube4b,UBR2,anapc11,cul4a,upf1,WWP1,dffb,ythdc1,psmb7,UBR1,usp25,RNF5,bap1,usp9,psmb3,lsm7,USP31,ddb1,nbas,dcp2,LONP1,RNF146,rad23aa,rock2a,psmb2,PNPT1
GO:0009303	0.0142128596761865	11.0576009501188	0.598950949815707	3	5	rRNA transcription	ENSXMAG00000004032,ENSXMAG00000014057,ENSXMAG00000018590	POLR1A,KDM2B,CHD7
GO:0009792	0.0458196957922427	1.48508557457213	19.4060107740289	27	162	embryo development ending in birth or egg hatching	ENSXMAG00000003310,ENSXMAG00000010125,ENSXMAG00000010813,ENSXMAG00000002863,ENSXMAG00000004032,ENSXMAG00000004093,ENSXMAG00000011408,ENSXMAG00000012033,ENSXMAG00000013164,ENSXMAG00000002005,ENSXMAG00000006779,ENSXMAG00000009167,ENSXMAG00000009282,ENSXMAG00000013582,ENSXMAG00000014017,ENSXMAG00000016325,ENSXMAG00000016958,ENSXMAG00000002856,ENSXMAG00000003412,ENSXMAG00000004501,ENSXMAG00000005024,ENSXMAG00000010515,ENSXMAG00000014057,ENSXMAG00000014075,ENSXMAG00000018590,ENSXMAG00000018648,ENSXMAG00000018972	faf1,pdcd10a,phf8,tp53bp2a,POLR1A,bcl9,fam20b,tbxta,dnm2a,ATXN7,ambra1b,nr3c1,ctr9,ocrl,rbm24b,rpl11,tmem165,pcsk7,brd2a,nbas,tab2,kat6a,KDM2B,rpl35a,CHD7,insrb,shrprbck1r
GO:0010467	0.0476520837505307	1.17277726856095	150.935639353558	169	1260	gene expression	ENSXMAG00000000085,ENSXMAG00000000827,ENSXMAG00000001018,ENSXMAG00000001469,ENSXMAG00000001795,ENSXMAG00000001963,ENSXMAG00000002227,ENSXMAG00000003023,ENSXMAG00000003331,ENSXMAG00000003554,ENSXMAG00000005100,ENSXMAG00000005445,ENSXMAG00000007309,ENSXMAG00000007314,ENSXMAG00000010069,ENSXMAG00000010813,ENSXMAG00000011848,ENSXMAG00000011929,ENSXMAG00000014236,ENSXMAG00000014465,ENSXMAG00000014535,ENSXMAG00000014912,ENSXMAG00000016262,ENSXMAG00000016475,ENSXMAG00000016767,ENSXMAG00000016926,ENSXMAG00000017099,ENSXMAG00000017447,ENSXMAG00000017836,ENSXMAG00000018061,ENSXMAG00000018160,ENSXMAG00000018636,ENSXMAG00000018818,ENSXMAG00000018921,ENSXMAG00000019187,ENSXMAG00000000666,ENSXMAG00000000679,ENSXMAG00000000693,ENSXMAG00000001454,ENSXMAG00000002082,ENSXMAG00000002967,ENSXMAG00000003098,ENSXMAG00000003510,ENSXMAG00000004032,ENSXMAG00000004036,ENSXMAG00000004093,ENSXMAG00000004169,ENSXMAG00000004669,ENSXMAG00000004713,ENSXMAG00000005015,ENSXMAG00000005364,ENSXMAG00000005735,ENSXMAG00000005765,ENSXMAG00000005918,ENSXMAG00000006031,ENSXMAG00000006408,ENSXMAG00000006816,ENSXMAG00000008071,ENSXMAG00000008341,ENSXMAG00000008850,ENSXMAG00000008978,ENSXMAG00000009671,ENSXMAG00000009758,ENSXMAG00000009877,ENSXMAG00000011644,ENSXMAG00000012033,ENSXMAG00000012662,ENSXMAG00000012755,ENSXMAG00000013158,ENSXMAG00000013796,ENSXMAG00000014708,ENSXMAG00000015012,ENSXMAG00000015052,ENSXMAG00000015369,ENSXMAG00000015448,ENSXMAG00000015721,ENSXMAG00000016302,ENSXMAG00000017133,ENSXMAG00000017562,ENSXMAG00000017907,ENSXMAG00000018063,ENSXMAG00000018139,ENSXMAG00000018411,ENSXMAG00000000044,ENSXMAG00000000397,ENSXMAG00000001825,ENSXMAG00000001905,ENSXMAG00000002058,ENSXMAG00000002426,ENSXMAG00000002472,ENSXMAG00000002540,ENSXMAG00000002608,ENSXMAG00000002765,ENSXMAG00000003474,ENSXMAG00000004638,ENSXMAG00000005196,ENSXMAG00000005286,ENSXMAG00000005531,ENSXMAG00000006417,ENSXMAG00000006676,ENSXMAG00000006896,ENSXMAG00000007644,ENSXMAG00000008026,ENSXMAG00000008128,ENSXMAG00000009020,ENSXMAG00000009151,ENSXMAG00000009167,ENSXMAG00000009187,ENSXMAG00000009265,ENSXMAG00000009282,ENSXMAG00000009532,ENSXMAG00000009600,ENSXMAG00000010816,ENSXMAG00000011305,ENSXMAG00000012464,ENSXMAG00000012853,ENSXMAG00000013134,ENSXMAG00000013157,ENSXMAG00000013436,ENSXMAG00000013564,ENSXMAG00000014017,ENSXMAG00000015121,ENSXMAG00000015760,ENSXMAG00000015931,ENSXMAG00000015996,ENSXMAG00000016325,ENSXMAG00000016928,ENSXMAG00000018454,ENSXMAG00000018630,ENSXMAG00000018708,ENSXMAG00000019279,ENSXMAG00000000108,ENSXMAG00000000242,ENSXMAG00000000274,ENSXMAG00000000752,ENSXMAG00000002014,ENSXMAG00000002316,ENSXMAG00000002564,ENSXMAG00000002736,ENSXMAG00000002905,ENSXMAG00000003549,ENSXMAG00000003691,ENSXMAG00000004188,ENSXMAG00000004501,ENSXMAG00000005729,ENSXMAG00000006297,ENSXMAG00000006872,ENSXMAG00000007623,ENSXMAG00000007630,ENSXMAG00000007850,ENSXMAG00000009402,ENSXMAG00000009570,ENSXMAG00000010241,ENSXMAG00000010449,ENSXMAG00000010515,ENSXMAG00000011132,ENSXMAG00000011421,ENSXMAG00000013306,ENSXMAG00000014057,ENSXMAG00000014075,ENSXMAG00000014260,ENSXMAG00000014323,ENSXMAG00000014879,ENSXMAG00000016342,ENSXMAG00000016907,ENSXMAG00000017187,ENSXMAG00000017969,ENSXMAG00000018590,ENSXMAG00000018961	ints2,fmr1,snrpd2,znf598,HMBOX1,NFX1,trnt1,ubp1,wtap,tsc22d1,ciao2a,zranb2,bach1a,usp16,nfyal,phf8,tufm,CREBBP,bms1,taf12,stat5b,rps2,kat7b,CELF3,elk3,nipbla,rbm39b,cnot7,tarbp2,eif3g,sart3,iars2,tsen54,tsr3,mrpl16,fxr1,phf5a,ZFHX4,LARS1,pde8a,SFMBT2,eif3k,foxk1,POLR1A,spcs1,bcl9,supt5h,E2F1,prpf18,rfx3,hsbp1a,edc4,ctdp1,ruvbl2,cnot1,zbtb8os,cdc5l,gatb,BPTF,snrpe,ctbp1,mrtfab,l3mbtl2,RBPJ,foxk2a,tbxta,zgc:163098,smndc1,FOXK2,eif3c,MBTD1,ybey,YEATS2,NFKB1,snrpf,dicer1,trit1,sec11a,iars1,DHX8,dnmt1,ftsj3,GPBP1L1,HIRA,ATF2,elp3,HSF1,snrnp200,dgcr8,POP1,upf1,u2surp,ccar1,yeats4,pdcd11,ythdc1,etv5a,spic,cry2,RFX7,crnkl1,mllt3,cherp,kdm1a,sfswap,LSM3,nr3c1,psen1,eif4g2a,ctr9,gemin2,TARBP1,ERF,dhx9,POLRMT,RFX1,VIRMA,fosl1a,nr2f5,pbx2,rbm24b,rxrbb,NKX2-8,qars1,spcs3,rpl11,clocka,ELOB,lsm7,ncln,cnot2,med13a,xrn2,med12,sem1,thoc7,GAR1,mllt1b,tbk1,eif1,snapc5,EP300,wdr33,nbas,pus10,magoh,pcf11,dcp2,bcl9l,mta2,gars1,mms19,pin4,ppardb,kat6a,dhh,TLX3,eaf1,KDM2B,rpl35a,pax6b,EPC1,pax2b,ctcf,PNPT1,ISL2,rpf1,CHD7,med15
GO:0010498	0.0374753600565012	2.21734449760766	4.67181740856252	9	39	proteasomal protein catabolic process	ENSXMAG00000016945,ENSXMAG00000011476,ENSXMAG00000016386,ENSXMAG00000018021,ENSXMAG00000013626,ENSXMAG00000018120,ENSXMAG00000000022,ENSXMAG00000008741,ENSXMAG00000016616	psmc5,ube4b,UBR2,anapc11,UBR1,psmb3,ddb1,rad23aa,psmb2
GO:0012501	0.046640072581444	1.53716490212841	16.051885455061	23	134	programmed cell death	ENSXMAG00000003331,ENSXMAG00000007078,ENSXMAG00000010813,ENSXMAG00000012753,ENSXMAG00000016892,ENSXMAG00000001378,ENSXMAG00000002809,ENSXMAG00000002863,ENSXMAG00000003296,ENSXMAG00000011868,ENSXMAG00000014007,ENSXMAG00000018452,ENSXMAG00000003201,ENSXMAG00000004970,ENSXMAG00000005169,ENSXMAG00000006767,ENSXMAG00000016325,ENSXMAG00000003412,ENSXMAG00000005339,ENSXMAG00000010827,ENSXMAG00000013377,ENSXMAG00000014454,ENSXMAG00000017918	wtap,ebag9,phf8,bnip3,rhoab,m17,elmo1,tp53bp2a,hm13,traf4a,grinab,coa8,dlg5a,epas1b,dffb,GRAMD4,rpl11,brd2a,prkcba,dedd1,bag6,PTEN,ddit3
GO:0015012	0.041366659802194	5.5270190023753	0.83853132974199	3	7	heparan sulfate proteoglycan biosynthetic process	ENSXMAG00000008661,ENSXMAG00000017017,ENSXMAG00000012122	ndst1a,extl3,xylt2
GO:0015031	0.00333280767776851	1.61859350210388	31.7444003402325	47	265	protein transport	ENSXMAG00000000350,ENSXMAG00000004462,ENSXMAG00000009922,ENSXMAG00000011294,ENSXMAG00000011485,ENSXMAG00000013149,ENSXMAG00000000415,ENSXMAG00000000433,ENSXMAG00000000669,ENSXMAG00000001032,ENSXMAG00000002261,ENSXMAG00000002745,ENSXMAG00000003339,ENSXMAG00000005205,ENSXMAG00000005752,ENSXMAG00000006205,ENSXMAG00000006749,ENSXMAG00000007246,ENSXMAG00000011389,ENSXMAG00000013186,ENSXMAG00000018000,ENSXMAG00000004482,ENSXMAG00000005864,ENSXMAG00000007662,ENSXMAG00000008458,ENSXMAG00000010930,ENSXMAG00000012793,ENSXMAG00000017632,ENSXMAG00000018175,ENSXMAG00000018792,ENSXMAG00000018805,ENSXMAG00000000535,ENSXMAG00000003514,ENSXMAG00000004238,ENSXMAG00000004501,ENSXMAG00000005243,ENSXMAG00000005909,ENSXMAG00000007189,ENSXMAG00000010406,ENSXMAG00000011931,ENSXMAG00000012365,ENSXMAG00000014130,ENSXMAG00000017141,ENSXMAG00000017429,ENSXMAG00000017916,ENSXMAG00000018357,ENSXMAG00000019291	KPNA6,sec63,ran,PEX14,IPO13,yif1a,ap1g2,xpo7,VPS50,cltcb,snx18b,AP2A1,spire1a,exoc4,appbp2,exoc2,vps37a,RIMS1,atg4c,stx17,SRP72,cog3,GBF1,napab,bcap29,TOMM40L,TNPO2,vps25,yif1b,kpnb1,AP3B1,exoc6b,ap3d1,rab4b,nbas,RIC1,vps54,PGAP1,MON2,ap1s1,arcn1b,nup133,ssr3,ATG7,ap1b1,kpna4,tgfbrap1
GO:0016043	0.00442047798023166	1.30460810061523	120.988091862773	147	1010	cellular component organization	ENSXMAG00000000741,ENSXMAG00000000948,ENSXMAG00000001388,ENSXMAG00000004329,ENSXMAG00000004820,ENSXMAG00000006065,ENSXMAG00000007290,ENSXMAG00000008480,ENSXMAG00000008609,ENSXMAG00000008980,ENSXMAG00000009328,ENSXMAG00000009616,ENSXMAG00000009632,ENSXMAG00000010492,ENSXMAG00000010813,ENSXMAG00000011198,ENSXMAG00000011239,ENSXMAG00000011282,ENSXMAG00000011294,ENSXMAG00000011929,ENSXMAG00000012027,ENSXMAG00000012294,ENSXMAG00000013874,ENSXMAG00000014316,ENSXMAG00000014368,ENSXMAG00000014717,ENSXMAG00000014815,ENSXMAG00000015995,ENSXMAG00000016262,ENSXMAG00000016892,ENSXMAG00000016926,ENSXMAG00000017213,ENSXMAG00000017570,ENSXMAG00000017836,ENSXMAG00000018061,ENSXMAG00000002542,ENSXMAG00000002782,ENSXMAG00000002809,ENSXMAG00000003098,ENSXMAG00000003339,ENSXMAG00000003378,ENSXMAG00000004169,ENSXMAG00000005205,ENSXMAG00000005918,ENSXMAG00000006295,ENSXMAG00000006338,ENSXMAG00000006499,ENSXMAG00000006927,ENSXMAG00000006954,ENSXMAG00000007579,ENSXMAG00000007938,ENSXMAG00000008341,ENSXMAG00000008591,ENSXMAG00000008850,ENSXMAG00000009113,ENSXMAG00000009758,ENSXMAG00000010486,ENSXMAG00000010716,ENSXMAG00000011486,ENSXMAG00000013186,ENSXMAG00000013324,ENSXMAG00000013796,ENSXMAG00000014708,ENSXMAG00000015345,ENSXMAG00000015363,ENSXMAG00000015448,ENSXMAG00000015721,ENSXMAG00000015985,ENSXMAG00000016061,ENSXMAG00000016160,ENSXMAG00000018049,ENSXMAG00000018412,ENSXMAG00000019215,ENSXMAG00000000044,ENSXMAG00000000494,ENSXMAG00000000586,ENSXMAG00000001369,ENSXMAG00000001791,ENSXMAG00000001825,ENSXMAG00000002058,ENSXMAG00000002089,ENSXMAG00000003004,ENSXMAG00000003043,ENSXMAG00000003666,ENSXMAG00000003916,ENSXMAG00000004446,ENSXMAG00000004637,ENSXMAG00000004648,ENSXMAG00000004897,ENSXMAG00000005169,ENSXMAG00000005369,ENSXMAG00000008128,ENSXMAG00000008488,ENSXMAG00000008801,ENSXMAG00000009167,ENSXMAG00000009532,ENSXMAG00000009903,ENSXMAG00000010030,ENSXMAG00000010930,ENSXMAG00000011230,ENSXMAG00000011303,ENSXMAG00000012250,ENSXMAG00000013537,ENSXMAG00000013582,ENSXMAG00000013718,ENSXMAG00000015571,ENSXMAG00000016377,ENSXMAG00000017017,ENSXMAG00000017369,ENSXMAG00000017399,ENSXMAG00000017642,ENSXMAG00000018170,ENSXMAG00000018350,ENSXMAG00000000535,ENSXMAG00000000752,ENSXMAG00000002134,ENSXMAG00000002742,ENSXMAG00000003412,ENSXMAG00000003691,ENSXMAG00000004153,ENSXMAG00000004215,ENSXMAG00000004238,ENSXMAG00000005216,ENSXMAG00000005746,ENSXMAG00000005775,ENSXMAG00000006274,ENSXMAG00000007120,ENSXMAG00000007153,ENSXMAG00000007990,ENSXMAG00000009185,ENSXMAG00000009570,ENSXMAG00000010515,ENSXMAG00000010683,ENSXMAG00000011392,ENSXMAG00000011808,ENSXMAG00000011902,ENSXMAG00000011931,ENSXMAG00000013304,ENSXMAG00000013377,ENSXMAG00000014057,ENSXMAG00000014323,ENSXMAG00000015078,ENSXMAG00000015898,ENSXMAG00000017442,ENSXMAG00000018590,ENSXMAG00000019158,ENSXMAG00000019200	waca,ercc6l,atp6ap1b,ift81,BAZ1A,sbds,TMEM107,PDS5B,CAMSAP2,TBC1D31,psmg3,pds5a,vma21,myo9aa,phf8,tfg,DIAPH1,ing5a,PEX14,CREBBP,ATP11A,MAU2,plekha8,rhot1a,zgc:153240,baiap2l1b,MAP7D1,rp2,kat7b,rhoab,nipbla,CNTN1,CLIP1,tarbp2,eif3g,carm1,isca1,elmo1,eif3k,spire1a,kdm5ba,supt5h,exoc4,ruvbl2,pomp,ARID1B,cand1,bbip1,nbn,kcnd3,ndufa11,BPTF,cluha,snrpe,hook2,l3mbtl2,RTTN,ARID1A,nlgn3b,stx17,ccdc32,eif3c,MBTD1,TOP1,SHPRH,snrpf,dicer1,kdm2aa,tmem231,pbrm1l,prc1b,WAS,sema5a,HIRA,ADAMTS7,PIK3CA,PLXNA1,DNAJC13,elp3,snrnp200,arl13b,JAK2,clasp2,CABIN1,wash1,cyfip2,mfn2,KDM7A,notum2,dffb,cad,kdm1a,ADAMTSL1,cluap1,nr3c1,gemin2,wasf3b,spice1,TOMM40L,sema3aa,top2a,dag1,cdc42bpb,ocrl,setb,atp10d,reep5,extl3,P4HTM,twf1a,KCTD3,mfn1b,tspy,exoc6b,sem1,mtfr1l,sycp1,brd2a,EP300,rab33ba,SATB2,rab4b,clasp1a,miga2,ULK2,zdhhc17,miga1,wdr11,LONP1,rock2a,mms19,kat6a,wasla,NYAP1,fsd1,ap1s1,ATP11C,bag6,KDM2B,EPC1,man1a2,chd1l,npr1a,CHD7,mtss1la,fbxo18
GO:0016070	0.0430525135963119	1.19084627329193	127.576552310746	145	1065	RNA metabolic process	ENSXMAG00000000085,ENSXMAG00000000827,ENSXMAG00000001018,ENSXMAG00000001795,ENSXMAG00000001963,ENSXMAG00000002227,ENSXMAG00000003023,ENSXMAG00000003331,ENSXMAG00000003554,ENSXMAG00000005445,ENSXMAG00000007309,ENSXMAG00000010069,ENSXMAG00000010813,ENSXMAG00000011929,ENSXMAG00000012423,ENSXMAG00000014236,ENSXMAG00000014465,ENSXMAG00000014535,ENSXMAG00000016262,ENSXMAG00000016475,ENSXMAG00000016767,ENSXMAG00000017099,ENSXMAG00000017447,ENSXMAG00000017836,ENSXMAG00000018160,ENSXMAG00000018636,ENSXMAG00000018818,ENSXMAG00000018921,ENSXMAG00000000679,ENSXMAG00000000693,ENSXMAG00000001454,ENSXMAG00000002082,ENSXMAG00000002967,ENSXMAG00000003510,ENSXMAG00000004032,ENSXMAG00000004093,ENSXMAG00000004169,ENSXMAG00000004669,ENSXMAG00000004713,ENSXMAG00000005015,ENSXMAG00000005364,ENSXMAG00000005735,ENSXMAG00000005765,ENSXMAG00000005918,ENSXMAG00000006408,ENSXMAG00000006816,ENSXMAG00000008341,ENSXMAG00000008850,ENSXMAG00000008978,ENSXMAG00000009671,ENSXMAG00000009758,ENSXMAG00000009877,ENSXMAG00000011644,ENSXMAG00000012033,ENSXMAG00000012662,ENSXMAG00000012755,ENSXMAG00000013158,ENSXMAG00000014708,ENSXMAG00000015012,ENSXMAG00000015052,ENSXMAG00000015369,ENSXMAG00000015448,ENSXMAG00000015721,ENSXMAG00000016302,ENSXMAG00000017562,ENSXMAG00000017907,ENSXMAG00000018139,ENSXMAG00000018411,ENSXMAG00000000044,ENSXMAG00000000397,ENSXMAG00000001825,ENSXMAG00000001905,ENSXMAG00000002058,ENSXMAG00000002426,ENSXMAG00000002472,ENSXMAG00000002540,ENSXMAG00000002608,ENSXMAG00000002765,ENSXMAG00000003474,ENSXMAG00000004638,ENSXMAG00000005196,ENSXMAG00000005286,ENSXMAG00000005531,ENSXMAG00000006417,ENSXMAG00000006676,ENSXMAG00000006896,ENSXMAG00000007644,ENSXMAG00000008026,ENSXMAG00000008128,ENSXMAG00000009020,ENSXMAG00000009151,ENSXMAG00000009167,ENSXMAG00000009282,ENSXMAG00000009532,ENSXMAG00000009600,ENSXMAG00000010816,ENSXMAG00000011305,ENSXMAG00000012464,ENSXMAG00000012853,ENSXMAG00000013134,ENSXMAG00000013157,ENSXMAG00000013436,ENSXMAG00000013564,ENSXMAG00000014017,ENSXMAG00000015121,ENSXMAG00000015760,ENSXMAG00000015931,ENSXMAG00000016928,ENSXMAG00000018454,ENSXMAG00000018630,ENSXMAG00000018708,ENSXMAG00000019279,ENSXMAG00000000108,ENSXMAG00000000242,ENSXMAG00000000274,ENSXMAG00000002014,ENSXMAG00000002316,ENSXMAG00000002564,ENSXMAG00000003549,ENSXMAG00000003691,ENSXMAG00000004188,ENSXMAG00000004501,ENSXMAG00000005729,ENSXMAG00000006297,ENSXMAG00000006872,ENSXMAG00000007623,ENSXMAG00000007630,ENSXMAG00000007850,ENSXMAG00000009402,ENSXMAG00000010241,ENSXMAG00000010449,ENSXMAG00000010515,ENSXMAG00000011421,ENSXMAG00000012427,ENSXMAG00000013306,ENSXMAG00000014057,ENSXMAG00000014260,ENSXMAG00000014323,ENSXMAG00000014879,ENSXMAG00000016342,ENSXMAG00000016907,ENSXMAG00000017187,ENSXMAG00000017969,ENSXMAG00000018590,ENSXMAG00000018961	ints2,fmr1,snrpd2,HMBOX1,NFX1,trnt1,ubp1,wtap,tsc22d1,zranb2,bach1a,nfyal,phf8,CREBBP,zc3h13,bms1,taf12,stat5b,kat7b,CELF3,elk3,rbm39b,cnot7,tarbp2,sart3,iars2,tsen54,tsr3,phf5a,ZFHX4,LARS1,pde8a,SFMBT2,foxk1,POLR1A,bcl9,supt5h,E2F1,prpf18,rfx3,hsbp1a,edc4,ctdp1,ruvbl2,zbtb8os,cdc5l,BPTF,snrpe,ctbp1,mrtfab,l3mbtl2,RBPJ,foxk2a,tbxta,zgc:163098,smndc1,FOXK2,MBTD1,ybey,YEATS2,NFKB1,snrpf,dicer1,trit1,iars1,DHX8,ftsj3,GPBP1L1,HIRA,ATF2,elp3,HSF1,snrnp200,dgcr8,POP1,upf1,u2surp,ccar1,yeats4,pdcd11,ythdc1,etv5a,spic,cry2,RFX7,crnkl1,mllt3,cherp,kdm1a,sfswap,LSM3,nr3c1,ctr9,gemin2,TARBP1,ERF,dhx9,POLRMT,RFX1,VIRMA,fosl1a,nr2f5,pbx2,rbm24b,rxrbb,NKX2-8,qars1,clocka,ELOB,lsm7,ncln,cnot2,med13a,xrn2,med12,thoc7,GAR1,mllt1b,snapc5,EP300,wdr33,nbas,pus10,magoh,pcf11,dcp2,bcl9l,mta2,gars1,pin4,ppardb,kat6a,TLX3,pcif1,eaf1,KDM2B,pax6b,EPC1,pax2b,ctcf,PNPT1,ISL2,rpf1,CHD7,med15
GO:0016071	0.0039409888676139	1.75327182278158	21.4424440034023	34	179	mRNA metabolic process	ENSXMAG00000000827,ENSXMAG00000001018,ENSXMAG00000003331,ENSXMAG00000012423,ENSXMAG00000016475,ENSXMAG00000017099,ENSXMAG00000017447,ENSXMAG00000017836,ENSXMAG00000000679,ENSXMAG00000004713,ENSXMAG00000005735,ENSXMAG00000006816,ENSXMAG00000008850,ENSXMAG00000012755,ENSXMAG00000015448,ENSXMAG00000015721,ENSXMAG00000017907,ENSXMAG00000002058,ENSXMAG00000002540,ENSXMAG00000005196,ENSXMAG00000006896,ENSXMAG00000009151,ENSXMAG00000009532,ENSXMAG00000013134,ENSXMAG00000014017,ENSXMAG00000018630,ENSXMAG00000000242,ENSXMAG00000002014,ENSXMAG00000004188,ENSXMAG00000004501,ENSXMAG00000006872,ENSXMAG00000007623,ENSXMAG00000012427,ENSXMAG00000016907	fmr1,snrpd2,wtap,zc3h13,CELF3,rbm39b,cnot7,tarbp2,phf5a,prpf18,edc4,cdc5l,snrpe,smndc1,snrpf,dicer1,DHX8,snrnp200,upf1,ythdc1,crnkl1,LSM3,gemin2,VIRMA,rbm24b,lsm7,xrn2,thoc7,wdr33,nbas,pcf11,dcp2,pcif1,PNPT1
GO:0016192	0.012709941447706	1.50930186271411	30.6662886305642	43	256	vesicle-mediated transport	ENSXMAG00000001261,ENSXMAG00000009504,ENSXMAG00000010517,ENSXMAG00000011198,ENSXMAG00000013149,ENSXMAG00000014368,ENSXMAG00000000415,ENSXMAG00000000669,ENSXMAG00000001032,ENSXMAG00000002745,ENSXMAG00000002781,ENSXMAG00000002809,ENSXMAG00000002964,ENSXMAG00000003339,ENSXMAG00000005205,ENSXMAG00000006205,ENSXMAG00000007246,ENSXMAG00000013164,ENSXMAG00000013186,ENSXMAG00000016953,ENSXMAG00000000828,ENSXMAG00000001791,ENSXMAG00000007662,ENSXMAG00000008458,ENSXMAG00000010634,ENSXMAG00000013582,ENSXMAG00000013808,ENSXMAG00000017632,ENSXMAG00000018175,ENSXMAG00000018717,ENSXMAG00000018805,ENSXMAG00000000535,ENSXMAG00000003514,ENSXMAG00000004238,ENSXMAG00000004501,ENSXMAG00000005909,ENSXMAG00000006960,ENSXMAG00000011931,ENSXMAG00000012365,ENSXMAG00000012635,ENSXMAG00000015355,ENSXMAG00000017916,ENSXMAG00000019291	TRAPPC10,SEC22C,yipf4,tfg,yif1a,zgc:153240,ap1g2,VPS50,cltcb,AP2A1,lrp6,elmo1,hps4,spire1a,exoc4,exoc2,RIMS1,dnm2a,stx17,golt1bb,PIK3R4,DNAJC13,napab,bcap29,trappc3,ocrl,stx10,vps25,yif1b,prg4a,AP3B1,exoc6b,ap3d1,rab4b,nbas,vps54,DOP1A,ap1s1,arcn1b,LOXL4,zgc:63863,ap1b1,tgfbrap1
GO:0016246	0.0143347398736554	Inf	0.239580379926283	2	2	RNA interference	ENSXMAG00000017836,ENSXMAG00000015721	tarbp2,dicer1
GO:0016482	0.0137411922454167	4.61383928571429	1.55727246952084	5	13	cytosolic transport	ENSXMAG00000000669,ENSXMAG00000016953,ENSXMAG00000001791,ENSXMAG00000005909,ENSXMAG00000006960	VPS50,golt1bb,DNAJC13,vps54,DOP1A
GO:0016556	0.0142128596761865	11.0576009501188	0.598950949815707	3	5	mRNA modification	ENSXMAG00000003331,ENSXMAG00000012423,ENSXMAG00000012427	wtap,zc3h13,pcif1
GO:0016567	0.00737432577102262	1.76906001701139	17.4893677346187	28	146	protein ubiquitination	ENSXMAG00000001721,ENSXMAG00000008273,ENSXMAG00000019355,ENSXMAG00000000076,ENSXMAG00000001614,ENSXMAG00000009354,ENSXMAG00000009731,ENSXMAG00000011476,ENSXMAG00000013187,ENSXMAG00000016133,ENSXMAG00000016386,ENSXMAG00000019288,ENSXMAG00000001356,ENSXMAG00000002473,ENSXMAG00000004345,ENSXMAG00000008797,ENSXMAG00000010828,ENSXMAG00000014059,ENSXMAG00000015785,ENSXMAG00000020161,ENSXMAG00000000022,ENSXMAG00000002545,ENSXMAG00000007159,ENSXMAG00000008684,ENSXMAG00000015100,ENSXMAG00000015819,ENSXMAG00000015876,ENSXMAG00000018972	wdsub1,skp1,arih2,stub1,RING1,hectd1,UBE3A,ube4b,lnx2b,HERC2,UBR2,cul4a,anapc5,chfr,WWP1,cbl,HUWE1,RNF5,LONRF3,SOCS6,ddb1,rnf19a,rnf217,RNF146,DTX1,arih1,dtx4a,shrprbck1r
GO:0019264	0.0395770540754496	14.7283511269276	0.359370569889424	2	3	glycine biosynthetic process from serine	ENSXMAG00000019034,ENSXMAG00000006123	SHMT2,shmt2
GO:0019538	0.0173346805263046	1.20602695702226	180.643606464417	205	1508	protein metabolic process	ENSXMAG00000000211,ENSXMAG00000000827,ENSXMAG00000001469,ENSXMAG00000001721,ENSXMAG00000003519,ENSXMAG00000004084,ENSXMAG00000004548,ENSXMAG00000004893,ENSXMAG00000005100,ENSXMAG00000005497,ENSXMAG00000006673,ENSXMAG00000007314,ENSXMAG00000007364,ENSXMAG00000008273,ENSXMAG00000008612,ENSXMAG00000010081,ENSXMAG00000010290,ENSXMAG00000011848,ENSXMAG00000011929,ENSXMAG00000011935,ENSXMAG00000012460,ENSXMAG00000014350,ENSXMAG00000014912,ENSXMAG00000016262,ENSXMAG00000016665,ENSXMAG00000016945,ENSXMAG00000017487,ENSXMAG00000017836,ENSXMAG00000018061,ENSXMAG00000018636,ENSXMAG00000018776,ENSXMAG00000019187,ENSXMAG00000019214,ENSXMAG00000019355,ENSXMAG00000000076,ENSXMAG00000000493,ENSXMAG00000000666,ENSXMAG00000000747,ENSXMAG00000001454,ENSXMAG00000001538,ENSXMAG00000001614,ENSXMAG00000001846,ENSXMAG00000001932,ENSXMAG00000002306,ENSXMAG00000002542,ENSXMAG00000003006,ENSXMAG00000003098,ENSXMAG00000004036,ENSXMAG00000004922,ENSXMAG00000005765,ENSXMAG00000006031,ENSXMAG00000006429,ENSXMAG00000006566,ENSXMAG00000008071,ENSXMAG00000008179,ENSXMAG00000008233,ENSXMAG00000008661,ENSXMAG00000008665,ENSXMAG00000009142,ENSXMAG00000009354,ENSXMAG00000009437,ENSXMAG00000009731,ENSXMAG00000009913,ENSXMAG00000011389,ENSXMAG00000011408,ENSXMAG00000011476,ENSXMAG00000011868,ENSXMAG00000012847,ENSXMAG00000013137,ENSXMAG00000013187,ENSXMAG00000013796,ENSXMAG00000014174,ENSXMAG00000014198,ENSXMAG00000014405,ENSXMAG00000014515,ENSXMAG00000015451,ENSXMAG00000015793,ENSXMAG00000015985,ENSXMAG00000016133,ENSXMAG00000016386,ENSXMAG00000016499,ENSXMAG00000016851,ENSXMAG00000017133,ENSXMAG00000017552,ENSXMAG00000017562,ENSXMAG00000018021,ENSXMAG00000018063,ENSXMAG00000018390,ENSXMAG00000018838,ENSXMAG00000018857,ENSXMAG00000019288,ENSXMAG00000000494,ENSXMAG00000000828,ENSXMAG00000001356,ENSXMAG00000002141,ENSXMAG00000002442,ENSXMAG00000002473,ENSXMAG00000002768,ENSXMAG00000002775,ENSXMAG00000003004,ENSXMAG00000003196,ENSXMAG00000004345,ENSXMAG00000004939,ENSXMAG00000005037,ENSXMAG00000005081,ENSXMAG00000005398,ENSXMAG00000005903,ENSXMAG00000006471,ENSXMAG00000006926,ENSXMAG00000007535,ENSXMAG00000008128,ENSXMAG00000008797,ENSXMAG00000009187,ENSXMAG00000009265,ENSXMAG00000009282,ENSXMAG00000009467,ENSXMAG00000009854,ENSXMAG00000010323,ENSXMAG00000010809,ENSXMAG00000010828,ENSXMAG00000012812,ENSXMAG00000013115,ENSXMAG00000013155,ENSXMAG00000013537,ENSXMAG00000013626,ENSXMAG00000013681,ENSXMAG00000014035,ENSXMAG00000014059,ENSXMAG00000015073,ENSXMAG00000015186,ENSXMAG00000015682,ENSXMAG00000015785,ENSXMAG00000015836,ENSXMAG00000015931,ENSXMAG00000015956,ENSXMAG00000015996,ENSXMAG00000016325,ENSXMAG00000016958,ENSXMAG00000017017,ENSXMAG00000017166,ENSXMAG00000017258,ENSXMAG00000018028,ENSXMAG00000018120,ENSXMAG00000018544,ENSXMAG00000018686,ENSXMAG00000018969,ENSXMAG00000019002,ENSXMAG00000019136,ENSXMAG00000019957,ENSXMAG00000020161,ENSXMAG00000000022,ENSXMAG00000001855,ENSXMAG00000002171,ENSXMAG00000002545,ENSXMAG00000002551,ENSXMAG00000002736,ENSXMAG00000002856,ENSXMAG00000002905,ENSXMAG00000002972,ENSXMAG00000003430,ENSXMAG00000003691,ENSXMAG00000003822,ENSXMAG00000004949,ENSXMAG00000004986,ENSXMAG00000004993,ENSXMAG00000005339,ENSXMAG00000005775,ENSXMAG00000006578,ENSXMAG00000007159,ENSXMAG00000007623,ENSXMAG00000007990,ENSXMAG00000008582,ENSXMAG00000008684,ENSXMAG00000008741,ENSXMAG00000009185,ENSXMAG00000009402,ENSXMAG00000009550,ENSXMAG00000009570,ENSXMAG00000009880,ENSXMAG00000010515,ENSXMAG00000010851,ENSXMAG00000010900,ENSXMAG00000011132,ENSXMAG00000011552,ENSXMAG00000012122,ENSXMAG00000012635,ENSXMAG00000013102,ENSXMAG00000014057,ENSXMAG00000014075,ENSXMAG00000014126,ENSXMAG00000014437,ENSXMAG00000014454,ENSXMAG00000014460,ENSXMAG00000015100,ENSXMAG00000015152,ENSXMAG00000015491,ENSXMAG00000015819,ENSXMAG00000015876,ENSXMAG00000015990,ENSXMAG00000016375,ENSXMAG00000016616,ENSXMAG00000017148,ENSXMAG00000017442,ENSXMAG00000018648,ENSXMAG00000018972	oxsr1a,fmr1,znf598,wdsub1,RANBP2,PPP6R2,pak1,psma3,ciao2a,cdc14ab,AKT1,usp16,csk,skp1,tlk2,NRDC,srpk1a,tufm,CREBBP,mink1,stk10,STT3B,rps2,kat7b,rimkla,psmc5,WNK2,tarbp2,eif3g,iars2,phkg2,mrpl16,TPP2,arih2,stub1,psmb5,fxr1,PTPRM,LARS1,MME,RING1,AAK1,ptpn4a,senp5,carm1,EPM2A,eif3k,spcs1,araf,ctdp1,cnot1,PKN1,MGAT5B,gatb,psmd2,ehmt2,ndst1a,limk1a,MAST1,hectd1,USP32,UBE3A,bmp2k,atg4c,fam20b,ube4b,traf4a,stk35,pigq,lnx2b,eif3c,NHERF2,npepps,ptp4a1,pomt2,GALNT10,prmt2,kdm2aa,HERC2,UBR2,CAMKV,igf1rb,sec11a,PIAS1,iars1,anapc11,dnmt1,erbb2,csnk1g2a,zgc:158376,cul4a,ADAMTS7,PIK3R4,anapc5,RAPGEF2,cdk4,chfr,pomgnt2,lrrk2,JAK2,pak4,WWP1,tyro3,CDK19,KALRN,MAST2,MARK4,MAST3,PTK7,psmb7,kdm1a,cbl,psen1,eif4g2a,ctr9,HLCS,zgc:154142,slkb,gsk3ab,HUWE1,ephb4a,tnni3k,pdp1,cdc42bpb,UBR1,BMPR2,usp25,RNF5,galnt2,BRSK2,st6galnac1.1,LONRF3,DOK7,qars1,pofut2,spcs3,rpl11,tmem165,extl3,bap1,capn7,usp9,psmb3,mocs1,MAP3K10,fnta,USP31,ptpn23a,b3galt6,SOCS6,ddb1,RFT1,alg6,rnf19a,KSR2,tbk1,pcsk7,eif1,ADGB,csnk1db,EP300,mettl22,TLK1,map3k7,PIGO,prkcba,ULK2,prkcaa,rnf217,dcp2,LONP1,cdk17,RNF146,rad23aa,rock2a,gars1,fut11,mms19,uggt1,kat6a,agbl5,nlk1,dhh,tlk1b,xylt2,LOXL4,zgc:92907,KDM2B,rpl35a,rnpepl1,adam10a,PTEN,ikbkb,DTX1,ctsba,dapk1,arih1,dtx4a,ppm1bb,pigk,psmb2,FUT8,npr1a,insrb,shrprbck1r
GO:0019646	0.0440939995566591	3.07390873015873	2.03643322937341	5	17	aerobic electron transport chain	ENSXMAG00000016660,ENSXMAG00000001412,ENSXMAG00000003100,ENSXMAG00000016032,ENSXMAG00000019350	sdhb,uqcr10,cox4i1,cox7a2l,cox6c
GO:0019856	0.0142128596761865	11.0576009501188	0.598950949815707	3	5	pyrimidine nucleobase biosynthetic process	ENSXMAG00000016110,ENSXMAG00000005369,ENSXMAG00000001814	CPS1,cad,umps
GO:0019941	0.00273135014908283	2.12879708383961	11.859228806351	22	99	modification-dependent protein catabolic process	ENSXMAG00000004893,ENSXMAG00000007314,ENSXMAG00000008273,ENSXMAG00000009354,ENSXMAG00000009437,ENSXMAG00000009731,ENSXMAG00000011476,ENSXMAG00000016386,ENSXMAG00000018021,ENSXMAG00000019288,ENSXMAG00000004345,ENSXMAG00000013626,ENSXMAG00000014035,ENSXMAG00000014059,ENSXMAG00000017166,ENSXMAG00000018028,ENSXMAG00000018120,ENSXMAG00000019002,ENSXMAG00000000022,ENSXMAG00000007990,ENSXMAG00000008684,ENSXMAG00000008741	psma3,usp16,skp1,hectd1,USP32,UBE3A,ube4b,UBR2,anapc11,cul4a,WWP1,UBR1,usp25,RNF5,bap1,usp9,psmb3,USP31,ddb1,LONP1,RNF146,rad23aa
GO:0022904	0.0489855301996119	2.60478160274837	2.75517436915225	6	23	respiratory electron transport chain	ENSXMAG00000016660,ENSXMAG00000001329,ENSXMAG00000001412,ENSXMAG00000003100,ENSXMAG00000016032,ENSXMAG00000019350	sdhb,ndufa5,uqcr10,cox4i1,cox7a2l,cox6c
GO:0030163	0.00129235514104265	2.05193558451532	15.5727246952084	28	130	protein catabolic process	ENSXMAG00000004893,ENSXMAG00000007314,ENSXMAG00000008273,ENSXMAG00000016945,ENSXMAG00000000493,ENSXMAG00000008179,ENSXMAG00000009354,ENSXMAG00000009437,ENSXMAG00000009731,ENSXMAG00000011476,ENSXMAG00000016386,ENSXMAG00000018021,ENSXMAG00000019288,ENSXMAG00000004345,ENSXMAG00000007535,ENSXMAG00000013626,ENSXMAG00000014035,ENSXMAG00000014059,ENSXMAG00000017166,ENSXMAG00000018028,ENSXMAG00000018120,ENSXMAG00000019002,ENSXMAG00000000022,ENSXMAG00000007990,ENSXMAG00000008684,ENSXMAG00000008741,ENSXMAG00000009185,ENSXMAG00000016616	psma3,usp16,skp1,psmc5,psmb5,psmd2,hectd1,USP32,UBE3A,ube4b,UBR2,anapc11,cul4a,WWP1,psmb7,UBR1,usp25,RNF5,bap1,usp9,psmb3,USP31,ddb1,LONP1,RNF146,rad23aa,rock2a,psmb2
GO:0030166	0.0237061662342914	4.91716210860087	1.19790189963141	4	10	proteoglycan biosynthetic process	ENSXMAG00000008661,ENSXMAG00000011408,ENSXMAG00000017017,ENSXMAG00000012122	ndst1a,fam20b,extl3,xylt2
GO:0030422	0.0143347398736554	Inf	0.239580379926283	2	2	production of siRNA involved in RNA interference	ENSXMAG00000017836,ENSXMAG00000015721	tarbp2,dicer1
GO:0031050	0.00624044510550098	22.1187648456057	0.479160759852566	3	4	dsRNA processing	ENSXMAG00000017836,ENSXMAG00000015721,ENSXMAG00000002426	tarbp2,dicer1,dgcr8
GO:0031054	0.0395770540754496	14.7283511269276	0.359370569889424	2	3	pre-miRNA processing	ENSXMAG00000017836,ENSXMAG00000015721	tarbp2,dicer1
GO:0031497	0.0093649820403227	5.27380952380952	1.4374822795577	5	12	chromatin assembly	ENSXMAG00000004169,ENSXMAG00000015363,ENSXMAG00000013718,ENSXMAG00000018350,ENSXMAG00000010515	supt5h,SHPRH,setb,tspy,kat6a
GO:0032400	0.0337940524043909	4.21403091557669	1.31769208959456	4	11	melanosome localization	ENSXMAG00000005801,ENSXMAG00000006927,ENSXMAG00000013582,ENSXMAG00000004787	trim32,bbip1,ocrl,ippk
GO:0032401	0.0337940524043909	4.21403091557669	1.31769208959456	4	11	establishment of melanosome localization	ENSXMAG00000005801,ENSXMAG00000006927,ENSXMAG00000013582,ENSXMAG00000004787	trim32,bbip1,ocrl,ippk
GO:0032402	0.0337940524043909	4.21403091557669	1.31769208959456	4	11	melanosome transport	ENSXMAG00000005801,ENSXMAG00000006927,ENSXMAG00000013582,ENSXMAG00000004787	trim32,bbip1,ocrl,ippk
GO:0032446	0.0100129244628338	1.70196464412537	18.6872696342501	29	156	protein modification by small protein conjugation	ENSXMAG00000001721,ENSXMAG00000008273,ENSXMAG00000019355,ENSXMAG00000000076,ENSXMAG00000001614,ENSXMAG00000009354,ENSXMAG00000009731,ENSXMAG00000011476,ENSXMAG00000013187,ENSXMAG00000016133,ENSXMAG00000016386,ENSXMAG00000017552,ENSXMAG00000019288,ENSXMAG00000001356,ENSXMAG00000002473,ENSXMAG00000004345,ENSXMAG00000008797,ENSXMAG00000010828,ENSXMAG00000014059,ENSXMAG00000015785,ENSXMAG00000020161,ENSXMAG00000000022,ENSXMAG00000002545,ENSXMAG00000007159,ENSXMAG00000008684,ENSXMAG00000015100,ENSXMAG00000015819,ENSXMAG00000015876,ENSXMAG00000018972	wdsub1,skp1,arih2,stub1,RING1,hectd1,UBE3A,ube4b,lnx2b,HERC2,UBR2,PIAS1,cul4a,anapc5,chfr,WWP1,cbl,HUWE1,RNF5,LONRF3,SOCS6,ddb1,rnf19a,rnf217,RNF146,DTX1,arih1,dtx4a,shrprbck1r
GO:0033036	0.00781041583492578	1.43401759530792	48.6348171250354	65	406	macromolecule localization	ENSXMAG00000000350,ENSXMAG00000000827,ENSXMAG00000001388,ENSXMAG00000004462,ENSXMAG00000009922,ENSXMAG00000011214,ENSXMAG00000011294,ENSXMAG00000011485,ENSXMAG00000012027,ENSXMAG00000013149,ENSXMAG00000013874,ENSXMAG00000016926,ENSXMAG00000000415,ENSXMAG00000000433,ENSXMAG00000000669,ENSXMAG00000001032,ENSXMAG00000002261,ENSXMAG00000002745,ENSXMAG00000003213,ENSXMAG00000003339,ENSXMAG00000005205,ENSXMAG00000005752,ENSXMAG00000006205,ENSXMAG00000006749,ENSXMAG00000007246,ENSXMAG00000011389,ENSXMAG00000013186,ENSXMAG00000018000,ENSXMAG00000018963,ENSXMAG00000001283,ENSXMAG00000004482,ENSXMAG00000005864,ENSXMAG00000007662,ENSXMAG00000008132,ENSXMAG00000008458,ENSXMAG00000010930,ENSXMAG00000012250,ENSXMAG00000012793,ENSXMAG00000015571,ENSXMAG00000017632,ENSXMAG00000017886,ENSXMAG00000018175,ENSXMAG00000018208,ENSXMAG00000018792,ENSXMAG00000018805,ENSXMAG00000000535,ENSXMAG00000000752,ENSXMAG00000003514,ENSXMAG00000004238,ENSXMAG00000004501,ENSXMAG00000005243,ENSXMAG00000005909,ENSXMAG00000007189,ENSXMAG00000010406,ENSXMAG00000011392,ENSXMAG00000011931,ENSXMAG00000012365,ENSXMAG00000013304,ENSXMAG00000014130,ENSXMAG00000016375,ENSXMAG00000017141,ENSXMAG00000017429,ENSXMAG00000017916,ENSXMAG00000018357,ENSXMAG00000019291	KPNA6,fmr1,atp6ap1b,sec63,ran,atp6ap2,PEX14,IPO13,ATP11A,yif1a,plekha8,nipbla,ap1g2,xpo7,VPS50,cltcb,snx18b,AP2A1,osbpl9,spire1a,exoc4,appbp2,exoc2,vps37a,RIMS1,atg4c,stx17,SRP72,CERT1,tex2,cog3,GBF1,napab,tmem30b,bcap29,TOMM40L,dag1,TNPO2,atp10d,vps25,TEX2,yif1b,mzt1,kpnb1,AP3B1,exoc6b,sem1,ap3d1,rab4b,nbas,RIC1,vps54,PGAP1,MON2,ap1s1,arcn1b,ATP11C,nup133,pigk,ssr3,ATG7,ap1b1,kpna4,tgfbrap1
GO:0034204	0.0337940524043909	4.21403091557669	1.31769208959456	4	11	lipid translocation	ENSXMAG00000012027,ENSXMAG00000015571,ENSXMAG00000011392,ENSXMAG00000013304	ATP11A,atp10d,ATP11C
GO:0034613	0.00696822186342747	1.70627306273063	20.6039126736603	32	172	cellular protein localization	ENSXMAG00000000350,ENSXMAG00000001388,ENSXMAG00000011294,ENSXMAG00000011485,ENSXMAG00000016926,ENSXMAG00000000415,ENSXMAG00000000433,ENSXMAG00000001032,ENSXMAG00000002745,ENSXMAG00000005205,ENSXMAG00000005752,ENSXMAG00000007246,ENSXMAG00000013186,ENSXMAG00000018000,ENSXMAG00000004482,ENSXMAG00000007662,ENSXMAG00000008458,ENSXMAG00000010930,ENSXMAG00000012250,ENSXMAG00000012793,ENSXMAG00000018208,ENSXMAG00000018792,ENSXMAG00000018805,ENSXMAG00000000535,ENSXMAG00000003514,ENSXMAG00000005243,ENSXMAG00000011931,ENSXMAG00000016375,ENSXMAG00000017141,ENSXMAG00000017916,ENSXMAG00000018357,ENSXMAG00000019291	KPNA6,atp6ap1b,PEX14,IPO13,nipbla,ap1g2,xpo7,cltcb,AP2A1,exoc4,appbp2,RIMS1,stx17,SRP72,cog3,napab,bcap29,TOMM40L,dag1,TNPO2,mzt1,kpnb1,AP3B1,exoc6b,ap3d1,RIC1,ap1s1,pigk,ssr3,ap1b1,kpna4,tgfbrap1
GO:0034728	0.0156872481095893	5.90154577883472	1.07811170966827	4	9	nucleosome organization	ENSXMAG00000015363,ENSXMAG00000013718,ENSXMAG00000018350,ENSXMAG00000010515	SHPRH,setb,tspy,kat6a
GO:0035196	0.00624044510550098	22.1187648456057	0.479160759852566	3	4	production of miRNAs involved in gene silencing by miRNA	ENSXMAG00000017836,ENSXMAG00000015721,ENSXMAG00000002426	tarbp2,dicer1,dgcr8
GO:0035235	0.0151141168279312	3.69308700834327	2.15622341933655	6	18	ionotropic glutamate receptor signaling pathway	ENSXMAG00000014975,ENSXMAG00000017142,ENSXMAG00000010477,ENSXMAG00000006209,ENSXMAG00000014647,ENSXMAG00000016959	gria1b,GRIN2C,gria1a,GRIN2B,GRIK3,GRID1
GO:0035622	0.0259130481757953	7.37054631828979	0.718741139778849	3	6	intrahepatic bile duct development	ENSXMAG00000011214,ENSXMAG00000018063,ENSXMAG00000015078	atp6ap2,dnmt1,man1a2
GO:0036065	0.0395770540754496	14.7283511269276	0.359370569889424	2	3	fucosylation	ENSXMAG00000015956,ENSXMAG00000017148	pofut2,FUT8
GO:0036211	0.00394852562522253	1.31625727549889	115.118372554579	141	961	protein modification process	ENSXMAG00000000211,ENSXMAG00000001721,ENSXMAG00000003519,ENSXMAG00000004084,ENSXMAG00000004548,ENSXMAG00000005497,ENSXMAG00000006673,ENSXMAG00000007314,ENSXMAG00000007364,ENSXMAG00000008273,ENSXMAG00000008612,ENSXMAG00000010290,ENSXMAG00000011929,ENSXMAG00000011935,ENSXMAG00000012460,ENSXMAG00000014350,ENSXMAG00000016262,ENSXMAG00000016665,ENSXMAG00000017487,ENSXMAG00000018776,ENSXMAG00000019355,ENSXMAG00000000076,ENSXMAG00000000747,ENSXMAG00000001614,ENSXMAG00000001846,ENSXMAG00000001932,ENSXMAG00000002542,ENSXMAG00000003006,ENSXMAG00000004922,ENSXMAG00000005765,ENSXMAG00000006429,ENSXMAG00000006566,ENSXMAG00000008233,ENSXMAG00000008665,ENSXMAG00000009142,ENSXMAG00000009354,ENSXMAG00000009437,ENSXMAG00000009731,ENSXMAG00000009913,ENSXMAG00000011476,ENSXMAG00000011868,ENSXMAG00000012847,ENSXMAG00000013137,ENSXMAG00000013187,ENSXMAG00000014405,ENSXMAG00000014515,ENSXMAG00000015451,ENSXMAG00000015793,ENSXMAG00000016133,ENSXMAG00000016386,ENSXMAG00000016499,ENSXMAG00000016851,ENSXMAG00000017552,ENSXMAG00000018063,ENSXMAG00000018390,ENSXMAG00000018838,ENSXMAG00000019288,ENSXMAG00000000828,ENSXMAG00000001356,ENSXMAG00000002442,ENSXMAG00000002473,ENSXMAG00000002768,ENSXMAG00000002775,ENSXMAG00000003004,ENSXMAG00000003196,ENSXMAG00000004345,ENSXMAG00000004939,ENSXMAG00000005037,ENSXMAG00000005081,ENSXMAG00000005398,ENSXMAG00000005903,ENSXMAG00000006471,ENSXMAG00000006926,ENSXMAG00000008128,ENSXMAG00000008797,ENSXMAG00000009282,ENSXMAG00000009467,ENSXMAG00000010323,ENSXMAG00000010809,ENSXMAG00000010828,ENSXMAG00000012812,ENSXMAG00000013115,ENSXMAG00000013155,ENSXMAG00000013537,ENSXMAG00000013681,ENSXMAG00000014035,ENSXMAG00000014059,ENSXMAG00000015073,ENSXMAG00000015186,ENSXMAG00000015682,ENSXMAG00000015785,ENSXMAG00000015836,ENSXMAG00000015956,ENSXMAG00000016958,ENSXMAG00000017017,ENSXMAG00000018028,ENSXMAG00000018686,ENSXMAG00000018969,ENSXMAG00000019002,ENSXMAG00000019136,ENSXMAG00000019957,ENSXMAG00000020161,ENSXMAG00000000022,ENSXMAG00000001855,ENSXMAG00000002171,ENSXMAG00000002545,ENSXMAG00000002551,ENSXMAG00000002736,ENSXMAG00000003430,ENSXMAG00000003691,ENSXMAG00000003822,ENSXMAG00000004949,ENSXMAG00000004986,ENSXMAG00000004993,ENSXMAG00000005339,ENSXMAG00000005775,ENSXMAG00000006578,ENSXMAG00000007159,ENSXMAG00000008582,ENSXMAG00000008684,ENSXMAG00000009185,ENSXMAG00000009550,ENSXMAG00000009880,ENSXMAG00000010515,ENSXMAG00000010851,ENSXMAG00000010900,ENSXMAG00000011552,ENSXMAG00000012635,ENSXMAG00000013102,ENSXMAG00000014454,ENSXMAG00000014460,ENSXMAG00000015100,ENSXMAG00000015491,ENSXMAG00000015819,ENSXMAG00000015876,ENSXMAG00000015990,ENSXMAG00000016375,ENSXMAG00000017148,ENSXMAG00000017442,ENSXMAG00000018648,ENSXMAG00000018972	oxsr1a,wdsub1,RANBP2,PPP6R2,pak1,cdc14ab,AKT1,usp16,csk,skp1,tlk2,srpk1a,CREBBP,mink1,stk10,STT3B,kat7b,rimkla,WNK2,phkg2,arih2,stub1,PTPRM,RING1,AAK1,ptpn4a,carm1,EPM2A,araf,ctdp1,PKN1,MGAT5B,ehmt2,limk1a,MAST1,hectd1,USP32,UBE3A,bmp2k,ube4b,traf4a,stk35,pigq,lnx2b,ptp4a1,pomt2,GALNT10,prmt2,HERC2,UBR2,CAMKV,igf1rb,PIAS1,dnmt1,erbb2,csnk1g2a,cul4a,PIK3R4,anapc5,cdk4,chfr,pomgnt2,lrrk2,JAK2,pak4,WWP1,tyro3,CDK19,KALRN,MAST2,MARK4,MAST3,PTK7,kdm1a,cbl,ctr9,HLCS,slkb,gsk3ab,HUWE1,ephb4a,tnni3k,pdp1,cdc42bpb,BMPR2,usp25,RNF5,galnt2,BRSK2,st6galnac1.1,LONRF3,DOK7,pofut2,tmem165,extl3,usp9,MAP3K10,fnta,USP31,ptpn23a,b3galt6,SOCS6,ddb1,RFT1,alg6,rnf19a,KSR2,tbk1,csnk1db,EP300,mettl22,TLK1,map3k7,PIGO,prkcba,ULK2,prkcaa,rnf217,cdk17,RNF146,rock2a,fut11,uggt1,kat6a,agbl5,nlk1,tlk1b,LOXL4,zgc:92907,PTEN,ikbkb,DTX1,dapk1,arih1,dtx4a,ppm1bb,pigk,FUT8,npr1a,insrb,shrprbck1r
GO:0039019	0.0337940524043909	4.21403091557669	1.31769208959456	4	11	pronephric nephron development	ENSXMAG00000012033,ENSXMAG00000005286,ENSXMAG00000013582,ENSXMAG00000017369	tbxta,etv5a,ocrl,P4HTM
GO:0042775	0.0440939995566591	3.07390873015873	2.03643322937341	5	17	mitochondrial ATP synthesis coupled electron transport	ENSXMAG00000016660,ENSXMAG00000001412,ENSXMAG00000003100,ENSXMAG00000016032,ENSXMAG00000019350	sdhb,uqcr10,cox4i1,cox7a2l,cox6c
GO:0042816	0.0395770540754496	14.7283511269276	0.359370569889424	2	3	vitamin B6 metabolic process	ENSXMAG00000004354,ENSXMAG00000013703	plpbp,pnpo
GO:0043009	0.0400494266039686	1.50791403937717	19.1664303941026	27	160	chordate embryonic development	ENSXMAG00000003310,ENSXMAG00000010125,ENSXMAG00000010813,ENSXMAG00000002863,ENSXMAG00000004032,ENSXMAG00000004093,ENSXMAG00000011408,ENSXMAG00000012033,ENSXMAG00000013164,ENSXMAG00000002005,ENSXMAG00000006779,ENSXMAG00000009167,ENSXMAG00000009282,ENSXMAG00000013582,ENSXMAG00000014017,ENSXMAG00000016325,ENSXMAG00000016958,ENSXMAG00000002856,ENSXMAG00000003412,ENSXMAG00000004501,ENSXMAG00000005024,ENSXMAG00000010515,ENSXMAG00000014057,ENSXMAG00000014075,ENSXMAG00000018590,ENSXMAG00000018648,ENSXMAG00000018972	faf1,pdcd10a,phf8,tp53bp2a,POLR1A,bcl9,fam20b,tbxta,dnm2a,ATXN7,ambra1b,nr3c1,ctr9,ocrl,rbm24b,rpl11,tmem165,pcsk7,brd2a,nbas,tab2,kat6a,KDM2B,rpl35a,CHD7,insrb,shrprbck1r
GO:0043085	0.00592892238018115	2.81071694368643	4.79160759852566	11	40	positive regulation of catalytic activity	ENSXMAG00000008066,ENSXMAG00000012749,ENSXMAG00000015995,ENSXMAG00000011868,ENSXMAG00000009744,ENSXMAG00000015836,ENSXMAG00000017609,ENSXMAG00000007277,ENSXMAG00000014571,ENSXMAG00000014836,ENSXMAG00000015355	asap2a,TSC2,rp2,traf4a,asap2b,DOK7,TIAM1,rab3gap1,ARHGAP44,zgc:63863
GO:0043087	0.00592892238018115	2.81071694368643	4.79160759852566	11	40	regulation of GTPase activity	ENSXMAG00000008066,ENSXMAG00000012749,ENSXMAG00000015995,ENSXMAG00000009744,ENSXMAG00000015120,ENSXMAG00000017609,ENSXMAG00000007277,ENSXMAG00000014571,ENSXMAG00000014836,ENSXMAG00000015355,ENSXMAG00000019416	asap2a,TSC2,rp2,asap2b,RASAL1,TIAM1,rab3gap1,ARHGAP44,zgc:63863,RASA1
GO:0043170	0.0101147032479256	1.19238546811699	326.548057839524	358	2726	macromolecule metabolic process	ENSXMAG00000000085,ENSXMAG00000000211,ENSXMAG00000000827,ENSXMAG00000001018,ENSXMAG00000001469,ENSXMAG00000001721,ENSXMAG00000001795,ENSXMAG00000001963,ENSXMAG00000002227,ENSXMAG00000003023,ENSXMAG00000003331,ENSXMAG00000003519,ENSXMAG00000003554,ENSXMAG00000004084,ENSXMAG00000004548,ENSXMAG00000004893,ENSXMAG00000005100,ENSXMAG00000005445,ENSXMAG00000005497,ENSXMAG00000006522,ENSXMAG00000006673,ENSXMAG00000006974,ENSXMAG00000007309,ENSXMAG00000007314,ENSXMAG00000007364,ENSXMAG00000007745,ENSXMAG00000008273,ENSXMAG00000008612,ENSXMAG00000009112,ENSXMAG00000010069,ENSXMAG00000010081,ENSXMAG00000010290,ENSXMAG00000010813,ENSXMAG00000011848,ENSXMAG00000011929,ENSXMAG00000011935,ENSXMAG00000012423,ENSXMAG00000012460,ENSXMAG00000014236,ENSXMAG00000014350,ENSXMAG00000014465,ENSXMAG00000014535,ENSXMAG00000014912,ENSXMAG00000016262,ENSXMAG00000016475,ENSXMAG00000016665,ENSXMAG00000016767,ENSXMAG00000016926,ENSXMAG00000016945,ENSXMAG00000017099,ENSXMAG00000017447,ENSXMAG00000017487,ENSXMAG00000017836,ENSXMAG00000018061,ENSXMAG00000018160,ENSXMAG00000018636,ENSXMAG00000018776,ENSXMAG00000018818,ENSXMAG00000018921,ENSXMAG00000019187,ENSXMAG00000019214,ENSXMAG00000019355,ENSXMAG00000000076,ENSXMAG00000000493,ENSXMAG00000000666,ENSXMAG00000000679,ENSXMAG00000000693,ENSXMAG00000000747,ENSXMAG00000001454,ENSXMAG00000001538,ENSXMAG00000001550,ENSXMAG00000001614,ENSXMAG00000001846,ENSXMAG00000001932,ENSXMAG00000002082,ENSXMAG00000002306,ENSXMAG00000002542,ENSXMAG00000002967,ENSXMAG00000003006,ENSXMAG00000003098,ENSXMAG00000003510,ENSXMAG00000004032,ENSXMAG00000004036,ENSXMAG00000004093,ENSXMAG00000004169,ENSXMAG00000004669,ENSXMAG00000004713,ENSXMAG00000004922,ENSXMAG00000005015,ENSXMAG00000005364,ENSXMAG00000005735,ENSXMAG00000005765,ENSXMAG00000005918,ENSXMAG00000006031,ENSXMAG00000006408,ENSXMAG00000006429,ENSXMAG00000006566,ENSXMAG00000006816,ENSXMAG00000006954,ENSXMAG00000008071,ENSXMAG00000008179,ENSXMAG00000008233,ENSXMAG00000008341,ENSXMAG00000008661,ENSXMAG00000008665,ENSXMAG00000008786,ENSXMAG00000008850,ENSXMAG00000008978,ENSXMAG00000009142,ENSXMAG00000009354,ENSXMAG00000009437,ENSXMAG00000009671,ENSXMAG00000009731,ENSXMAG00000009758,ENSXMAG00000009877,ENSXMAG00000009913,ENSXMAG00000011389,ENSXMAG00000011408,ENSXMAG00000011476,ENSXMAG00000011644,ENSXMAG00000011868,ENSXMAG00000012033,ENSXMAG00000012662,ENSXMAG00000012755,ENSXMAG00000012847,ENSXMAG00000013137,ENSXMAG00000013158,ENSXMAG00000013187,ENSXMAG00000013796,ENSXMAG00000014174,ENSXMAG00000014198,ENSXMAG00000014405,ENSXMAG00000014515,ENSXMAG00000014708,ENSXMAG00000015012,ENSXMAG00000015052,ENSXMAG00000015345,ENSXMAG00000015363,ENSXMAG00000015369,ENSXMAG00000015448,ENSXMAG00000015451,ENSXMAG00000015721,ENSXMAG00000015793,ENSXMAG00000015985,ENSXMAG00000016133,ENSXMAG00000016302,ENSXMAG00000016386,ENSXMAG00000016499,ENSXMAG00000016851,ENSXMAG00000017133,ENSXMAG00000017552,ENSXMAG00000017562,ENSXMAG00000017907,ENSXMAG00000018021,ENSXMAG00000018063,ENSXMAG00000018139,ENSXMAG00000018390,ENSXMAG00000018411,ENSXMAG00000018838,ENSXMAG00000018857,ENSXMAG00000019037,ENSXMAG00000019288,ENSXMAG00000000044,ENSXMAG00000000397,ENSXMAG00000000494,ENSXMAG00000000828,ENSXMAG00000001356,ENSXMAG00000001825,ENSXMAG00000001905,ENSXMAG00000002058,ENSXMAG00000002141,ENSXMAG00000002426,ENSXMAG00000002442,ENSXMAG00000002472,ENSXMAG00000002473,ENSXMAG00000002540,ENSXMAG00000002608,ENSXMAG00000002765,ENSXMAG00000002768,ENSXMAG00000002775,ENSXMAG00000003004,ENSXMAG00000003196,ENSXMAG00000003474,ENSXMAG00000004345,ENSXMAG00000004638,ENSXMAG00000004939,ENSXMAG00000005037,ENSXMAG00000005081,ENSXMAG00000005169,ENSXMAG00000005196,ENSXMAG00000005286,ENSXMAG00000005398,ENSXMAG00000005531,ENSXMAG00000005903,ENSXMAG00000006417,ENSXMAG00000006471,ENSXMAG00000006676,ENSXMAG00000006896,ENSXMAG00000006926,ENSXMAG00000007535,ENSXMAG00000007644,ENSXMAG00000008026,ENSXMAG00000008128,ENSXMAG00000008797,ENSXMAG00000008957,ENSXMAG00000009020,ENSXMAG00000009151,ENSXMAG00000009167,ENSXMAG00000009187,ENSXMAG00000009265,ENSXMAG00000009282,ENSXMAG00000009467,ENSXMAG00000009532,ENSXMAG00000009600,ENSXMAG00000009854,ENSXMAG00000010323,ENSXMAG00000010809,ENSXMAG00000010816,ENSXMAG00000010828,ENSXMAG00000011303,ENSXMAG00000011305,ENSXMAG00000011864,ENSXMAG00000012464,ENSXMAG00000012812,ENSXMAG00000012853,ENSXMAG00000013115,ENSXMAG00000013134,ENSXMAG00000013155,ENSXMAG00000013157,ENSXMAG00000013436,ENSXMAG00000013537,ENSXMAG00000013564,ENSXMAG00000013626,ENSXMAG00000013681,ENSXMAG00000014017,ENSXMAG00000014035,ENSXMAG00000014059,ENSXMAG00000014862,ENSXMAG00000015073,ENSXMAG00000015121,ENSXMAG00000015186,ENSXMAG00000015682,ENSXMAG00000015760,ENSXMAG00000015785,ENSXMAG00000015836,ENSXMAG00000015931,ENSXMAG00000015956,ENSXMAG00000015996,ENSXMAG00000016325,ENSXMAG00000016928,ENSXMAG00000016958,ENSXMAG00000017017,ENSXMAG00000017166,ENSXMAG00000017258,ENSXMAG00000018028,ENSXMAG00000018120,ENSXMAG00000018454,ENSXMAG00000018544,ENSXMAG00000018630,ENSXMAG00000018686,ENSXMAG00000018708,ENSXMAG00000018969,ENSXMAG00000019002,ENSXMAG00000019136,ENSXMAG00000019279,ENSXMAG00000019957,ENSXMAG00000020161,ENSXMAG00000000022,ENSXMAG00000000108,ENSXMAG00000000242,ENSXMAG00000000274,ENSXMAG00000000752,ENSXMAG00000000917,ENSXMAG00000001855,ENSXMAG00000001955,ENSXMAG00000002014,ENSXMAG00000002171,ENSXMAG00000002259,ENSXMAG00000002316,ENSXMAG00000002545,ENSXMAG00000002551,ENSXMAG00000002564,ENSXMAG00000002736,ENSXMAG00000002856,ENSXMAG00000002905,ENSXMAG00000002972,ENSXMAG00000003430,ENSXMAG00000003549,ENSXMAG00000003691,ENSXMAG00000003822,ENSXMAG00000004188,ENSXMAG00000004501,ENSXMAG00000004949,ENSXMAG00000004986,ENSXMAG00000004993,ENSXMAG00000005339,ENSXMAG00000005729,ENSXMAG00000005775,ENSXMAG00000006297,ENSXMAG00000006578,ENSXMAG00000006872,ENSXMAG00000007003,ENSXMAG00000007159,ENSXMAG00000007623,ENSXMAG00000007630,ENSXMAG00000007850,ENSXMAG00000007990,ENSXMAG00000008582,ENSXMAG00000008684,ENSXMAG00000008741,ENSXMAG00000009185,ENSXMAG00000009281,ENSXMAG00000009402,ENSXMAG00000009550,ENSXMAG00000009570,ENSXMAG00000009880,ENSXMAG00000010241,ENSXMAG00000010449,ENSXMAG00000010515,ENSXMAG00000010851,ENSXMAG00000010900,ENSXMAG00000011132,ENSXMAG00000011421,ENSXMAG00000011552,ENSXMAG00000012122,ENSXMAG00000012427,ENSXMAG00000012635,ENSXMAG00000013102,ENSXMAG00000013306,ENSXMAG00000014057,ENSXMAG00000014075,ENSXMAG00000014126,ENSXMAG00000014260,ENSXMAG00000014323,ENSXMAG00000014437,ENSXMAG00000014454,ENSXMAG00000014460,ENSXMAG00000014879,ENSXMAG00000015100,ENSXMAG00000015152,ENSXMAG00000015491,ENSXMAG00000015819,ENSXMAG00000015876,ENSXMAG00000015898,ENSXMAG00000015990,ENSXMAG00000016342,ENSXMAG00000016375,ENSXMAG00000016384,ENSXMAG00000016616,ENSXMAG00000016907,ENSXMAG00000017148,ENSXMAG00000017187,ENSXMAG00000017442,ENSXMAG00000017969,ENSXMAG00000018590,ENSXMAG00000018648,ENSXMAG00000018961,ENSXMAG00000018972	ints2,oxsr1a,fmr1,snrpd2,znf598,wdsub1,HMBOX1,NFX1,trnt1,ubp1,wtap,RANBP2,tsc22d1,PPP6R2,pak1,psma3,ciao2a,zranb2,cdc14ab,xrcc1,AKT1,brca2,bach1a,usp16,csk,pole,skp1,tlk2,atrx,nfyal,NRDC,srpk1a,phf8,tufm,CREBBP,mink1,zc3h13,stk10,bms1,STT3B,taf12,stat5b,rps2,kat7b,CELF3,rimkla,elk3,nipbla,psmc5,rbm39b,cnot7,WNK2,tarbp2,eif3g,sart3,iars2,phkg2,tsen54,tsr3,mrpl16,TPP2,arih2,stub1,psmb5,fxr1,phf5a,ZFHX4,PTPRM,LARS1,MME,swi5,RING1,AAK1,ptpn4a,pde8a,senp5,carm1,SFMBT2,EPM2A,eif3k,foxk1,POLR1A,spcs1,bcl9,supt5h,E2F1,prpf18,araf,rfx3,hsbp1a,edc4,ctdp1,ruvbl2,cnot1,zbtb8os,PKN1,MGAT5B,cdc5l,nbn,gatb,psmd2,ehmt2,BPTF,ndst1a,limk1a,lrwd1,snrpe,ctbp1,MAST1,hectd1,USP32,mrtfab,UBE3A,l3mbtl2,RBPJ,bmp2k,atg4c,fam20b,ube4b,foxk2a,traf4a,tbxta,zgc:163098,smndc1,stk35,pigq,FOXK2,lnx2b,eif3c,NHERF2,npepps,ptp4a1,pomt2,MBTD1,ybey,YEATS2,TOP1,SHPRH,NFKB1,snrpf,GALNT10,dicer1,prmt2,kdm2aa,HERC2,trit1,UBR2,CAMKV,igf1rb,sec11a,PIAS1,iars1,DHX8,anapc11,dnmt1,ftsj3,erbb2,GPBP1L1,csnk1g2a,zgc:158376,pola1,cul4a,HIRA,ATF2,ADAMTS7,PIK3R4,anapc5,elp3,HSF1,snrnp200,RAPGEF2,dgcr8,cdk4,POP1,chfr,upf1,u2surp,ccar1,pomgnt2,lrrk2,JAK2,pak4,yeats4,WWP1,pdcd11,tyro3,CDK19,KALRN,dffb,ythdc1,etv5a,MAST2,spic,MARK4,cry2,MAST3,RFX7,crnkl1,PTK7,psmb7,mllt3,cherp,kdm1a,cbl,hnrnpaba,sfswap,LSM3,nr3c1,psen1,eif4g2a,ctr9,HLCS,gemin2,TARBP1,zgc:154142,slkb,gsk3ab,ERF,HUWE1,top2a,dhx9,chaf1a,POLRMT,ephb4a,RFX1,tnni3k,VIRMA,pdp1,fosl1a,nr2f5,cdc42bpb,pbx2,UBR1,BMPR2,rbm24b,usp25,RNF5,PHKA1,galnt2,rxrbb,BRSK2,st6galnac1.1,NKX2-8,LONRF3,DOK7,qars1,pofut2,spcs3,rpl11,clocka,tmem165,extl3,bap1,capn7,usp9,psmb3,ELOB,mocs1,lsm7,MAP3K10,ncln,fnta,USP31,ptpn23a,cnot2,b3galt6,SOCS6,ddb1,med13a,xrn2,med12,sem1,POLG,RFT1,CAMTA2,thoc7,alg6,inip,GAR1,rnf19a,KSR2,mllt1b,tbk1,pcsk7,eif1,ADGB,csnk1db,snapc5,EP300,mettl22,wdr33,nbas,TLK1,map3k7,PIGO,prkcba,pus10,ULK2,magoh,prkcaa,pcf11,KDM6A,rnf217,dcp2,bcl9l,mta2,LONP1,cdk17,RNF146,rad23aa,rock2a,ATR,gars1,fut11,mms19,uggt1,pin4,ppardb,kat6a,agbl5,nlk1,dhh,TLX3,tlk1b,xylt2,pcif1,LOXL4,zgc:92907,eaf1,KDM2B,rpl35a,rnpepl1,pax6b,EPC1,adam10a,PTEN,ikbkb,pax2b,DTX1,ctsba,dapk1,arih1,dtx4a,chd1l,ppm1bb,ctcf,pigk,tert,psmb2,PNPT1,FUT8,ISL2,npr1a,rpf1,CHD7,insrb,med15,shrprbck1r
GO:0043248	0.0142128596761865	11.0576009501188	0.598950949815707	3	5	proteasome assembly	ENSXMAG00000009328,ENSXMAG00000006295,ENSXMAG00000000752	psmg3,pomp,sem1
GO:0043412	0.00780899528487	1.27608274058038	124.70158775163	149	1041	macromolecule modification	ENSXMAG00000000211,ENSXMAG00000001721,ENSXMAG00000003331,ENSXMAG00000003519,ENSXMAG00000004084,ENSXMAG00000004548,ENSXMAG00000005497,ENSXMAG00000006673,ENSXMAG00000007314,ENSXMAG00000007364,ENSXMAG00000008273,ENSXMAG00000008612,ENSXMAG00000010290,ENSXMAG00000011929,ENSXMAG00000011935,ENSXMAG00000012423,ENSXMAG00000012460,ENSXMAG00000014350,ENSXMAG00000016262,ENSXMAG00000016665,ENSXMAG00000017487,ENSXMAG00000018776,ENSXMAG00000018921,ENSXMAG00000019355,ENSXMAG00000000076,ENSXMAG00000000747,ENSXMAG00000001614,ENSXMAG00000001846,ENSXMAG00000001932,ENSXMAG00000002542,ENSXMAG00000003006,ENSXMAG00000004922,ENSXMAG00000005765,ENSXMAG00000006429,ENSXMAG00000006566,ENSXMAG00000008233,ENSXMAG00000008665,ENSXMAG00000009142,ENSXMAG00000009354,ENSXMAG00000009437,ENSXMAG00000009731,ENSXMAG00000009913,ENSXMAG00000011476,ENSXMAG00000011868,ENSXMAG00000012847,ENSXMAG00000013137,ENSXMAG00000013187,ENSXMAG00000014405,ENSXMAG00000014515,ENSXMAG00000015451,ENSXMAG00000015793,ENSXMAG00000016133,ENSXMAG00000016386,ENSXMAG00000016499,ENSXMAG00000016851,ENSXMAG00000017552,ENSXMAG00000018063,ENSXMAG00000018139,ENSXMAG00000018390,ENSXMAG00000018838,ENSXMAG00000019288,ENSXMAG00000000828,ENSXMAG00000001356,ENSXMAG00000002442,ENSXMAG00000002473,ENSXMAG00000002768,ENSXMAG00000002775,ENSXMAG00000003004,ENSXMAG00000003196,ENSXMAG00000004345,ENSXMAG00000004939,ENSXMAG00000005037,ENSXMAG00000005081,ENSXMAG00000005398,ENSXMAG00000005903,ENSXMAG00000006471,ENSXMAG00000006926,ENSXMAG00000008128,ENSXMAG00000008797,ENSXMAG00000009282,ENSXMAG00000009467,ENSXMAG00000009600,ENSXMAG00000010323,ENSXMAG00000010809,ENSXMAG00000010828,ENSXMAG00000012812,ENSXMAG00000013115,ENSXMAG00000013155,ENSXMAG00000013537,ENSXMAG00000013681,ENSXMAG00000014035,ENSXMAG00000014059,ENSXMAG00000015073,ENSXMAG00000015186,ENSXMAG00000015682,ENSXMAG00000015785,ENSXMAG00000015836,ENSXMAG00000015956,ENSXMAG00000016958,ENSXMAG00000017017,ENSXMAG00000018028,ENSXMAG00000018686,ENSXMAG00000018969,ENSXMAG00000019002,ENSXMAG00000019136,ENSXMAG00000019957,ENSXMAG00000020161,ENSXMAG00000000022,ENSXMAG00000001855,ENSXMAG00000002171,ENSXMAG00000002316,ENSXMAG00000002545,ENSXMAG00000002551,ENSXMAG00000002736,ENSXMAG00000003430,ENSXMAG00000003691,ENSXMAG00000003822,ENSXMAG00000004949,ENSXMAG00000004986,ENSXMAG00000004993,ENSXMAG00000005339,ENSXMAG00000005729,ENSXMAG00000005775,ENSXMAG00000006578,ENSXMAG00000007159,ENSXMAG00000008582,ENSXMAG00000008684,ENSXMAG00000009185,ENSXMAG00000009550,ENSXMAG00000009880,ENSXMAG00000010515,ENSXMAG00000010851,ENSXMAG00000010900,ENSXMAG00000011552,ENSXMAG00000012427,ENSXMAG00000012635,ENSXMAG00000013102,ENSXMAG00000014454,ENSXMAG00000014460,ENSXMAG00000015100,ENSXMAG00000015491,ENSXMAG00000015819,ENSXMAG00000015876,ENSXMAG00000015990,ENSXMAG00000016375,ENSXMAG00000017148,ENSXMAG00000017442,ENSXMAG00000018648,ENSXMAG00000018972	oxsr1a,wdsub1,wtap,RANBP2,PPP6R2,pak1,cdc14ab,AKT1,usp16,csk,skp1,tlk2,srpk1a,CREBBP,mink1,zc3h13,stk10,STT3B,kat7b,rimkla,WNK2,phkg2,tsr3,arih2,stub1,PTPRM,RING1,AAK1,ptpn4a,carm1,EPM2A,araf,ctdp1,PKN1,MGAT5B,ehmt2,limk1a,MAST1,hectd1,USP32,UBE3A,bmp2k,ube4b,traf4a,stk35,pigq,lnx2b,ptp4a1,pomt2,GALNT10,prmt2,HERC2,UBR2,CAMKV,igf1rb,PIAS1,dnmt1,ftsj3,erbb2,csnk1g2a,cul4a,PIK3R4,anapc5,cdk4,chfr,pomgnt2,lrrk2,JAK2,pak4,WWP1,tyro3,CDK19,KALRN,MAST2,MARK4,MAST3,PTK7,kdm1a,cbl,ctr9,HLCS,TARBP1,slkb,gsk3ab,HUWE1,ephb4a,tnni3k,pdp1,cdc42bpb,BMPR2,usp25,RNF5,galnt2,BRSK2,st6galnac1.1,LONRF3,DOK7,pofut2,tmem165,extl3,usp9,MAP3K10,fnta,USP31,ptpn23a,b3galt6,SOCS6,ddb1,RFT1,alg6,GAR1,rnf19a,KSR2,tbk1,csnk1db,EP300,mettl22,TLK1,map3k7,PIGO,prkcba,pus10,ULK2,prkcaa,rnf217,cdk17,RNF146,rock2a,fut11,uggt1,kat6a,agbl5,nlk1,tlk1b,pcif1,LOXL4,zgc:92907,PTEN,ikbkb,DTX1,dapk1,arih1,dtx4a,ppm1bb,pigk,FUT8,npr1a,insrb,shrprbck1r
GO:0043523	0.0193082586858409	4.1005291005291	1.67706265948398	5	14	regulation of neuron apoptotic process	ENSXMAG00000010813,ENSXMAG00000001378,ENSXMAG00000003296,ENSXMAG00000014007,ENSXMAG00000004970	phf8,m17,hm13,grinab,epas1b
GO:0043547	0.00119278196606496	4.44545454545455	2.8749645591154	9	24	positive regulation of GTPase activity	ENSXMAG00000008066,ENSXMAG00000012749,ENSXMAG00000015995,ENSXMAG00000009744,ENSXMAG00000017609,ENSXMAG00000007277,ENSXMAG00000014571,ENSXMAG00000014836,ENSXMAG00000015355	asap2a,TSC2,rp2,asap2b,TIAM1,rab3gap1,ARHGAP44,zgc:63863
GO:0043632	0.0031169790892251	2.10116210237717	11.9790189963141	22	100	modification-dependent macromolecule catabolic process	ENSXMAG00000004893,ENSXMAG00000007314,ENSXMAG00000008273,ENSXMAG00000009354,ENSXMAG00000009437,ENSXMAG00000009731,ENSXMAG00000011476,ENSXMAG00000016386,ENSXMAG00000018021,ENSXMAG00000019288,ENSXMAG00000004345,ENSXMAG00000013626,ENSXMAG00000014035,ENSXMAG00000014059,ENSXMAG00000017166,ENSXMAG00000018028,ENSXMAG00000018120,ENSXMAG00000019002,ENSXMAG00000000022,ENSXMAG00000007990,ENSXMAG00000008684,ENSXMAG00000008741	psma3,usp16,skp1,hectd1,USP32,UBE3A,ube4b,UBR2,anapc11,cul4a,WWP1,UBR1,usp25,RNF5,bap1,usp9,psmb3,USP31,ddb1,LONP1,RNF146,rad23aa
GO:0044093	0.014927673994158	2.39543659190295	5.39055854834137	11	45	positive regulation of molecular function	ENSXMAG00000008066,ENSXMAG00000012749,ENSXMAG00000015995,ENSXMAG00000011868,ENSXMAG00000009744,ENSXMAG00000015836,ENSXMAG00000017609,ENSXMAG00000007277,ENSXMAG00000014571,ENSXMAG00000014836,ENSXMAG00000015355	asap2a,TSC2,rp2,traf4a,asap2b,DOK7,TIAM1,rab3gap1,ARHGAP44,zgc:63863
GO:0044237	0.00191648870878004	1.23998457191336	377.219308193933	417	3149	cellular metabolic process	ENSXMAG00000000024,ENSXMAG00000000085,ENSXMAG00000000211,ENSXMAG00000000325,ENSXMAG00000000545,ENSXMAG00000000827,ENSXMAG00000001018,ENSXMAG00000001254,ENSXMAG00000001469,ENSXMAG00000001721,ENSXMAG00000001795,ENSXMAG00000001963,ENSXMAG00000002227,ENSXMAG00000002512,ENSXMAG00000003023,ENSXMAG00000003331,ENSXMAG00000003519,ENSXMAG00000003554,ENSXMAG00000004084,ENSXMAG00000004354,ENSXMAG00000004548,ENSXMAG00000004893,ENSXMAG00000005276,ENSXMAG00000005445,ENSXMAG00000005497,ENSXMAG00000006522,ENSXMAG00000006673,ENSXMAG00000006974,ENSXMAG00000007309,ENSXMAG00000007314,ENSXMAG00000007364,ENSXMAG00000007745,ENSXMAG00000008273,ENSXMAG00000008612,ENSXMAG00000008819,ENSXMAG00000009112,ENSXMAG00000010069,ENSXMAG00000010290,ENSXMAG00000010813,ENSXMAG00000011652,ENSXMAG00000011848,ENSXMAG00000011913,ENSXMAG00000011929,ENSXMAG00000011935,ENSXMAG00000012423,ENSXMAG00000012460,ENSXMAG00000014236,ENSXMAG00000014350,ENSXMAG00000014465,ENSXMAG00000014535,ENSXMAG00000014912,ENSXMAG00000016110,ENSXMAG00000016262,ENSXMAG00000016475,ENSXMAG00000016660,ENSXMAG00000016767,ENSXMAG00000016945,ENSXMAG00000017099,ENSXMAG00000017264,ENSXMAG00000017447,ENSXMAG00000017487,ENSXMAG00000017836,ENSXMAG00000018061,ENSXMAG00000018088,ENSXMAG00000018160,ENSXMAG00000018636,ENSXMAG00000018776,ENSXMAG00000018818,ENSXMAG00000018921,ENSXMAG00000019187,ENSXMAG00000019355,ENSXMAG00000000076,ENSXMAG00000000493,ENSXMAG00000000666,ENSXMAG00000000679,ENSXMAG00000000693,ENSXMAG00000000747,ENSXMAG00000000797,ENSXMAG00000001329,ENSXMAG00000001454,ENSXMAG00000001550,ENSXMAG00000001614,ENSXMAG00000001803,ENSXMAG00000001846,ENSXMAG00000001932,ENSXMAG00000002082,ENSXMAG00000002542,ENSXMAG00000002782,ENSXMAG00000002967,ENSXMAG00000003006,ENSXMAG00000003098,ENSXMAG00000003510,ENSXMAG00000004032,ENSXMAG00000004036,ENSXMAG00000004093,ENSXMAG00000004169,ENSXMAG00000004254,ENSXMAG00000004669,ENSXMAG00000004713,ENSXMAG00000004922,ENSXMAG00000005015,ENSXMAG00000005364,ENSXMAG00000005399,ENSXMAG00000005735,ENSXMAG00000005765,ENSXMAG00000005875,ENSXMAG00000005918,ENSXMAG00000005975,ENSXMAG00000006031,ENSXMAG00000006408,ENSXMAG00000006429,ENSXMAG00000006566,ENSXMAG00000006816,ENSXMAG00000006954,ENSXMAG00000007880,ENSXMAG00000008071,ENSXMAG00000008233,ENSXMAG00000008341,ENSXMAG00000008661,ENSXMAG00000008665,ENSXMAG00000008786,ENSXMAG00000008850,ENSXMAG00000008978,ENSXMAG00000009142,ENSXMAG00000009354,ENSXMAG00000009437,ENSXMAG00000009671,ENSXMAG00000009731,ENSXMAG00000009758,ENSXMAG00000009806,ENSXMAG00000009877,ENSXMAG00000009913,ENSXMAG00000011389,ENSXMAG00000011408,ENSXMAG00000011476,ENSXMAG00000011644,ENSXMAG00000011794,ENSXMAG00000011825,ENSXMAG00000011868,ENSXMAG00000012033,ENSXMAG00000012200,ENSXMAG00000012532,ENSXMAG00000012662,ENSXMAG00000012755,ENSXMAG00000012847,ENSXMAG00000013137,ENSXMAG00000013158,ENSXMAG00000013187,ENSXMAG00000013559,ENSXMAG00000013631,ENSXMAG00000013796,ENSXMAG00000014278,ENSXMAG00000014405,ENSXMAG00000014515,ENSXMAG00000014708,ENSXMAG00000015012,ENSXMAG00000015052,ENSXMAG00000015345,ENSXMAG00000015369,ENSXMAG00000015448,ENSXMAG00000015451,ENSXMAG00000015721,ENSXMAG00000015793,ENSXMAG00000016133,ENSXMAG00000016221,ENSXMAG00000016302,ENSXMAG00000016386,ENSXMAG00000016499,ENSXMAG00000016851,ENSXMAG00000016861,ENSXMAG00000017133,ENSXMAG00000017552,ENSXMAG00000017562,ENSXMAG00000017907,ENSXMAG00000018021,ENSXMAG00000018063,ENSXMAG00000018139,ENSXMAG00000018390,ENSXMAG00000018411,ENSXMAG00000018838,ENSXMAG00000019037,ENSXMAG00000019288,ENSXMAG00000000044,ENSXMAG00000000397,ENSXMAG00000000549,ENSXMAG00000000586,ENSXMAG00000000828,ENSXMAG00000000877,ENSXMAG00000001356,ENSXMAG00000001412,ENSXMAG00000001825,ENSXMAG00000001905,ENSXMAG00000002058,ENSXMAG00000002237,ENSXMAG00000002403,ENSXMAG00000002426,ENSXMAG00000002442,ENSXMAG00000002472,ENSXMAG00000002473,ENSXMAG00000002540,ENSXMAG00000002608,ENSXMAG00000002765,ENSXMAG00000002768,ENSXMAG00000002775,ENSXMAG00000003004,ENSXMAG00000003042,ENSXMAG00000003100,ENSXMAG00000003196,ENSXMAG00000003414,ENSXMAG00000003474,ENSXMAG00000003494,ENSXMAG00000004037,ENSXMAG00000004090,ENSXMAG00000004345,ENSXMAG00000004638,ENSXMAG00000004939,ENSXMAG00000005037,ENSXMAG00000005081,ENSXMAG00000005169,ENSXMAG00000005196,ENSXMAG00000005286,ENSXMAG00000005369,ENSXMAG00000005398,ENSXMAG00000005531,ENSXMAG00000005903,ENSXMAG00000006356,ENSXMAG00000006417,ENSXMAG00000006471,ENSXMAG00000006581,ENSXMAG00000006676,ENSXMAG00000006896,ENSXMAG00000006926,ENSXMAG00000007222,ENSXMAG00000007535,ENSXMAG00000007644,ENSXMAG00000008026,ENSXMAG00000008128,ENSXMAG00000008574,ENSXMAG00000008689,ENSXMAG00000008797,ENSXMAG00000009020,ENSXMAG00000009151,ENSXMAG00000009167,ENSXMAG00000009265,ENSXMAG00000009282,ENSXMAG00000009532,ENSXMAG00000009600,ENSXMAG00000010323,ENSXMAG00000010327,ENSXMAG00000010809,ENSXMAG00000010816,ENSXMAG00000010828,ENSXMAG00000011303,ENSXMAG00000011305,ENSXMAG00000011323,ENSXMAG00000011864,ENSXMAG00000012464,ENSXMAG00000012812,ENSXMAG00000012853,ENSXMAG00000013115,ENSXMAG00000013134,ENSXMAG00000013155,ENSXMAG00000013157,ENSXMAG00000013436,ENSXMAG00000013537,ENSXMAG00000013564,ENSXMAG00000013582,ENSXMAG00000013626,ENSXMAG00000013681,ENSXMAG00000014017,ENSXMAG00000014035,ENSXMAG00000014059,ENSXMAG00000014598,ENSXMAG00000014862,ENSXMAG00000014972,ENSXMAG00000014982,ENSXMAG00000015073,ENSXMAG00000015121,ENSXMAG00000015186,ENSXMAG00000015262,ENSXMAG00000015682,ENSXMAG00000015760,ENSXMAG00000015785,ENSXMAG00000015836,ENSXMAG00000015931,ENSXMAG00000015956,ENSXMAG00000015996,ENSXMAG00000016032,ENSXMAG00000016234,ENSXMAG00000016325,ENSXMAG00000016520,ENSXMAG00000016835,ENSXMAG00000016928,ENSXMAG00000016958,ENSXMAG00000017017,ENSXMAG00000017166,ENSXMAG00000018028,ENSXMAG00000018120,ENSXMAG00000018454,ENSXMAG00000018544,ENSXMAG00000018630,ENSXMAG00000018686,ENSXMAG00000018708,ENSXMAG00000018842,ENSXMAG00000018969,ENSXMAG00000018982,ENSXMAG00000019002,ENSXMAG00000019034,ENSXMAG00000019136,ENSXMAG00000019275,ENSXMAG00000019279,ENSXMAG00000019957,ENSXMAG00000020161,ENSXMAG00000000022,ENSXMAG00000000108,ENSXMAG00000000242,ENSXMAG00000000274,ENSXMAG00000000683,ENSXMAG00000000752,ENSXMAG00000000917,ENSXMAG00000001110,ENSXMAG00000001163,ENSXMAG00000001814,ENSXMAG00000001855,ENSXMAG00000002014,ENSXMAG00000002134,ENSXMAG00000002171,ENSXMAG00000002259,ENSXMAG00000002316,ENSXMAG00000002371,ENSXMAG00000002418,ENSXMAG00000002545,ENSXMAG00000002551,ENSXMAG00000002564,ENSXMAG00000002736,ENSXMAG00000002905,ENSXMAG00000003430,ENSXMAG00000003514,ENSXMAG00000003549,ENSXMAG00000003691,ENSXMAG00000003822,ENSXMAG00000004188,ENSXMAG00000004501,ENSXMAG00000004787,ENSXMAG00000004949,ENSXMAG00000004986,ENSXMAG00000004993,ENSXMAG00000005339,ENSXMAG00000005559,ENSXMAG00000005729,ENSXMAG00000005775,ENSXMAG00000006123,ENSXMAG00000006297,ENSXMAG00000006578,ENSXMAG00000006872,ENSXMAG00000007103,ENSXMAG00000007159,ENSXMAG00000007623,ENSXMAG00000007630,ENSXMAG00000007850,ENSXMAG00000007990,ENSXMAG00000008582,ENSXMAG00000008684,ENSXMAG00000008741,ENSXMAG00000009185,ENSXMAG00000009281,ENSXMAG00000009317,ENSXMAG00000009402,ENSXMAG00000009550,ENSXMAG00000009570,ENSXMAG00000009880,ENSXMAG00000010241,ENSXMAG00000010449,ENSXMAG00000010515,ENSXMAG00000010851,ENSXMAG00000010900,ENSXMAG00000011421,ENSXMAG00000011552,ENSXMAG00000012122,ENSXMAG00000012427,ENSXMAG00000012635,ENSXMAG00000013102,ENSXMAG00000013306,ENSXMAG00000013703,ENSXMAG00000014002,ENSXMAG00000014057,ENSXMAG00000014075,ENSXMAG00000014260,ENSXMAG00000014323,ENSXMAG00000014454,ENSXMAG00000014460,ENSXMAG00000014549,ENSXMAG00000014879,ENSXMAG00000015100,ENSXMAG00000015491,ENSXMAG00000015797,ENSXMAG00000015819,ENSXMAG00000015876,ENSXMAG00000015898,ENSXMAG00000015990,ENSXMAG00000016342,ENSXMAG00000016375,ENSXMAG00000016384,ENSXMAG00000016616,ENSXMAG00000016907,ENSXMAG00000017148,ENSXMAG00000017187,ENSXMAG00000017429,ENSXMAG00000017442,ENSXMAG00000017969,ENSXMAG00000018428,ENSXMAG00000018590,ENSXMAG00000018648,ENSXMAG00000018961,ENSXMAG00000018972,ENSXMAG00000019281,ENSXMAG00000019350	taldo1,ints2,oxsr1a,RAB39B,ptdss2,fmr1,snrpd2,ckmt2a,znf598,wdsub1,HMBOX1,NFX1,trnt1,NT5M,ubp1,wtap,RANBP2,tsc22d1,PPP6R2,plpbp,pak1,psma3,ALDH1L2,zranb2,cdc14ab,xrcc1,AKT1,brca2,bach1a,usp16,csk,pole,skp1,tlk2,nagk,atrx,nfyal,srpk1a,phf8,zgc:92606,tufm,PLD1,CREBBP,mink1,zc3h13,stk10,bms1,STT3B,taf12,stat5b,rps2,CPS1,kat7b,CELF3,sdhb,elk3,psmc5,rbm39b,inpp5l,cnot7,WNK2,tarbp2,eif3g,smpd2a,sart3,iars2,phkg2,tsen54,tsr3,mrpl16,arih2,stub1,psmb5,fxr1,phf5a,ZFHX4,PTPRM,DGKD,ndufa5,LARS1,swi5,RING1,pfkfb4b,AAK1,ptpn4a,pde8a,carm1,isca1,SFMBT2,EPM2A,eif3k,foxk1,POLR1A,spcs1,bcl9,supt5h,pcyox1,E2F1,prpf18,araf,rfx3,hsbp1a,ppa2,edc4,ctdp1,mdh1aa,ruvbl2,pycr3,cnot1,zbtb8os,PKN1,MGAT5B,cdc5l,nbn,sgpl1,gatb,ehmt2,BPTF,ndst1a,limk1a,lrwd1,snrpe,ctbp1,MAST1,hectd1,USP32,mrtfab,UBE3A,l3mbtl2,atg3,RBPJ,bmp2k,atg4c,fam20b,ube4b,foxk2a,mtm1,sat1b,traf4a,tbxta,adpgk,PIK3C2B,zgc:163098,smndc1,stk35,pigq,FOXK2,lnx2b,adcy2b,lamp2,eif3c,mtr,ptp4a1,pomt2,MBTD1,ybey,YEATS2,TOP1,NFKB1,snrpf,GALNT10,dicer1,prmt2,HERC2,gsr,trit1,UBR2,CAMKV,igf1rb,SRBD1,sec11a,PIAS1,iars1,DHX8,anapc11,dnmt1,ftsj3,erbb2,GPBP1L1,csnk1g2a,pola1,cul4a,HIRA,ATF2,pip4k2aa,PIK3CA,PIK3R4,OGDH,anapc5,uqcr10,elp3,HSF1,snrnp200,ak4,azin1a,dgcr8,cdk4,POP1,chfr,upf1,u2surp,ccar1,pomgnt2,lrrk2,JAK2,atp5f1c,cox4i1,pak4,mmut,yeats4,pip4p2,acsl1b,mtmr3,WWP1,pdcd11,tyro3,CDK19,KALRN,dffb,ythdc1,etv5a,cad,MAST2,spic,MARK4,GNPAT,cry2,MAST3,gne,RFX7,crnkl1,PTK7,pgm3,psmb7,mllt3,cherp,kdm1a,pcxb,pfkfb3,cbl,sfswap,LSM3,nr3c1,eif4g2a,ctr9,gemin2,TARBP1,slkb,HACD3,gsk3ab,ERF,HUWE1,top2a,dhx9,sms,chaf1a,POLRMT,ephb4a,RFX1,tnni3k,VIRMA,pdp1,fosl1a,nr2f5,cdc42bpb,pbx2,ocrl,UBR1,BMPR2,rbm24b,usp25,RNF5,ccdc57,PHKA1,ndufv1,ATG2B,galnt2,rxrbb,BRSK2,fa2h,st6galnac1.1,NKX2-8,LONRF3,DOK7,qars1,pofut2,spcs3,cox7a2l,hsd17b4,rpl11,uros,dhtkd1,clocka,tmem165,extl3,bap1,usp9,psmb3,ELOB,mocs1,lsm7,MAP3K10,ncln,PDE8B,fnta,hmgcrb,USP31,SHMT2,ptpn23a,WASHC4,cnot2,b3galt6,SOCS6,ddb1,med13a,xrn2,med12,aco2,sem1,POLG,eno2,tpi1a,umps,RFT1,thoc7,mtfr1l,alg6,inip,GAR1,bcas3,ptgs2b,rnf19a,KSR2,mllt1b,tbk1,eif1,csnk1db,ap3d1,snapc5,EP300,mettl22,wdr33,nbas,ippk,TLK1,map3k7,PIGO,prkcba,pi4k2b,pus10,ULK2,shmt2,magoh,prkcaa,pcf11,tph1a,rnf217,dcp2,bcl9l,mta2,LONP1,cdk17,RNF146,rad23aa,rock2a,ATR,AMPD3,gars1,fut11,mms19,uggt1,pin4,ppardb,kat6a,agbl5,nlk1,TLX3,tlk1b,xylt2,pcif1,LOXL4,zgc:92907,eaf1,pnpo,acer3,KDM2B,rpl35a,pax6b,EPC1,PTEN,ikbkb,ipmkb,pax2b,DTX1,dapk1,hacd3,arih1,dtx4a,chd1l,ppm1bb,ctcf,pigk,tert,psmb2,PNPT1,FUT8,ISL2,ATG7,npr1a,rpf1,rbks,CHD7,insrb,med15,shrprbck1r,CHDH,cox6c
GO:0044238	0.0283455642458551	1.15312510255653	398.541962007372	425	3327	primary metabolic process	ENSXMAG00000000024,ENSXMAG00000000085,ENSXMAG00000000211,ENSXMAG00000000545,ENSXMAG00000000827,ENSXMAG00000001018,ENSXMAG00000001469,ENSXMAG00000001721,ENSXMAG00000001795,ENSXMAG00000001963,ENSXMAG00000002227,ENSXMAG00000002512,ENSXMAG00000003023,ENSXMAG00000003331,ENSXMAG00000003519,ENSXMAG00000003554,ENSXMAG00000004084,ENSXMAG00000004548,ENSXMAG00000004893,ENSXMAG00000005100,ENSXMAG00000005445,ENSXMAG00000005497,ENSXMAG00000006522,ENSXMAG00000006673,ENSXMAG00000006974,ENSXMAG00000007309,ENSXMAG00000007314,ENSXMAG00000007364,ENSXMAG00000007745,ENSXMAG00000008273,ENSXMAG00000008612,ENSXMAG00000008819,ENSXMAG00000009112,ENSXMAG00000010069,ENSXMAG00000010081,ENSXMAG00000010290,ENSXMAG00000010813,ENSXMAG00000011848,ENSXMAG00000011913,ENSXMAG00000011929,ENSXMAG00000011935,ENSXMAG00000012423,ENSXMAG00000012460,ENSXMAG00000014236,ENSXMAG00000014350,ENSXMAG00000014465,ENSXMAG00000014535,ENSXMAG00000014912,ENSXMAG00000015545,ENSXMAG00000016110,ENSXMAG00000016262,ENSXMAG00000016475,ENSXMAG00000016660,ENSXMAG00000016665,ENSXMAG00000016767,ENSXMAG00000016945,ENSXMAG00000017099,ENSXMAG00000017264,ENSXMAG00000017447,ENSXMAG00000017487,ENSXMAG00000017836,ENSXMAG00000018061,ENSXMAG00000018088,ENSXMAG00000018160,ENSXMAG00000018636,ENSXMAG00000018776,ENSXMAG00000018818,ENSXMAG00000018921,ENSXMAG00000019187,ENSXMAG00000019214,ENSXMAG00000019355,ENSXMAG00000019422,ENSXMAG00000000076,ENSXMAG00000000493,ENSXMAG00000000666,ENSXMAG00000000679,ENSXMAG00000000693,ENSXMAG00000000747,ENSXMAG00000000797,ENSXMAG00000001454,ENSXMAG00000001538,ENSXMAG00000001550,ENSXMAG00000001614,ENSXMAG00000001803,ENSXMAG00000001846,ENSXMAG00000001932,ENSXMAG00000002082,ENSXMAG00000002306,ENSXMAG00000002542,ENSXMAG00000002967,ENSXMAG00000003006,ENSXMAG00000003098,ENSXMAG00000003510,ENSXMAG00000004032,ENSXMAG00000004036,ENSXMAG00000004093,ENSXMAG00000004169,ENSXMAG00000004209,ENSXMAG00000004669,ENSXMAG00000004713,ENSXMAG00000004922,ENSXMAG00000005015,ENSXMAG00000005364,ENSXMAG00000005735,ENSXMAG00000005765,ENSXMAG00000005875,ENSXMAG00000005918,ENSXMAG00000005975,ENSXMAG00000006031,ENSXMAG00000006408,ENSXMAG00000006429,ENSXMAG00000006566,ENSXMAG00000006816,ENSXMAG00000006954,ENSXMAG00000007236,ENSXMAG00000008071,ENSXMAG00000008179,ENSXMAG00000008233,ENSXMAG00000008341,ENSXMAG00000008661,ENSXMAG00000008665,ENSXMAG00000008850,ENSXMAG00000008978,ENSXMAG00000009142,ENSXMAG00000009354,ENSXMAG00000009437,ENSXMAG00000009671,ENSXMAG00000009731,ENSXMAG00000009758,ENSXMAG00000009877,ENSXMAG00000009913,ENSXMAG00000010644,ENSXMAG00000011389,ENSXMAG00000011408,ENSXMAG00000011476,ENSXMAG00000011644,ENSXMAG00000011794,ENSXMAG00000011868,ENSXMAG00000012033,ENSXMAG00000012200,ENSXMAG00000012532,ENSXMAG00000012662,ENSXMAG00000012755,ENSXMAG00000012847,ENSXMAG00000013137,ENSXMAG00000013158,ENSXMAG00000013187,ENSXMAG00000013559,ENSXMAG00000013796,ENSXMAG00000014174,ENSXMAG00000014198,ENSXMAG00000014278,ENSXMAG00000014405,ENSXMAG00000014515,ENSXMAG00000014708,ENSXMAG00000015012,ENSXMAG00000015052,ENSXMAG00000015222,ENSXMAG00000015345,ENSXMAG00000015369,ENSXMAG00000015448,ENSXMAG00000015451,ENSXMAG00000015721,ENSXMAG00000015793,ENSXMAG00000015985,ENSXMAG00000016133,ENSXMAG00000016302,ENSXMAG00000016386,ENSXMAG00000016499,ENSXMAG00000016851,ENSXMAG00000016861,ENSXMAG00000017133,ENSXMAG00000017552,ENSXMAG00000017562,ENSXMAG00000017907,ENSXMAG00000018021,ENSXMAG00000018063,ENSXMAG00000018139,ENSXMAG00000018390,ENSXMAG00000018411,ENSXMAG00000018838,ENSXMAG00000018857,ENSXMAG00000019037,ENSXMAG00000019288,ENSXMAG00000000044,ENSXMAG00000000397,ENSXMAG00000000494,ENSXMAG00000000549,ENSXMAG00000000586,ENSXMAG00000000828,ENSXMAG00000000851,ENSXMAG00000000877,ENSXMAG00000001356,ENSXMAG00000001363,ENSXMAG00000001825,ENSXMAG00000001905,ENSXMAG00000002058,ENSXMAG00000002141,ENSXMAG00000002237,ENSXMAG00000002426,ENSXMAG00000002442,ENSXMAG00000002472,ENSXMAG00000002473,ENSXMAG00000002501,ENSXMAG00000002540,ENSXMAG00000002608,ENSXMAG00000002765,ENSXMAG00000002768,ENSXMAG00000002775,ENSXMAG00000003004,ENSXMAG00000003042,ENSXMAG00000003196,ENSXMAG00000003474,ENSXMAG00000003494,ENSXMAG00000003540,ENSXMAG00000004037,ENSXMAG00000004090,ENSXMAG00000004345,ENSXMAG00000004638,ENSXMAG00000004939,ENSXMAG00000005037,ENSXMAG00000005081,ENSXMAG00000005169,ENSXMAG00000005196,ENSXMAG00000005286,ENSXMAG00000005369,ENSXMAG00000005398,ENSXMAG00000005531,ENSXMAG00000005903,ENSXMAG00000006356,ENSXMAG00000006417,ENSXMAG00000006471,ENSXMAG00000006581,ENSXMAG00000006676,ENSXMAG00000006896,ENSXMAG00000006926,ENSXMAG00000007222,ENSXMAG00000007535,ENSXMAG00000007644,ENSXMAG00000008026,ENSXMAG00000008128,ENSXMAG00000008130,ENSXMAG00000008574,ENSXMAG00000008689,ENSXMAG00000008797,ENSXMAG00000009020,ENSXMAG00000009151,ENSXMAG00000009167,ENSXMAG00000009187,ENSXMAG00000009265,ENSXMAG00000009282,ENSXMAG00000009467,ENSXMAG00000009532,ENSXMAG00000009600,ENSXMAG00000009854,ENSXMAG00000010323,ENSXMAG00000010327,ENSXMAG00000010809,ENSXMAG00000010816,ENSXMAG00000010828,ENSXMAG00000011303,ENSXMAG00000011305,ENSXMAG00000011864,ENSXMAG00000012464,ENSXMAG00000012812,ENSXMAG00000012853,ENSXMAG00000013115,ENSXMAG00000013134,ENSXMAG00000013155,ENSXMAG00000013157,ENSXMAG00000013436,ENSXMAG00000013537,ENSXMAG00000013564,ENSXMAG00000013582,ENSXMAG00000013626,ENSXMAG00000013681,ENSXMAG00000014017,ENSXMAG00000014035,ENSXMAG00000014059,ENSXMAG00000014598,ENSXMAG00000014862,ENSXMAG00000015073,ENSXMAG00000015121,ENSXMAG00000015186,ENSXMAG00000015262,ENSXMAG00000015682,ENSXMAG00000015760,ENSXMAG00000015785,ENSXMAG00000015836,ENSXMAG00000015880,ENSXMAG00000015931,ENSXMAG00000015956,ENSXMAG00000015996,ENSXMAG00000016234,ENSXMAG00000016325,ENSXMAG00000016835,ENSXMAG00000016928,ENSXMAG00000016958,ENSXMAG00000017017,ENSXMAG00000017166,ENSXMAG00000017258,ENSXMAG00000018028,ENSXMAG00000018120,ENSXMAG00000018454,ENSXMAG00000018544,ENSXMAG00000018630,ENSXMAG00000018686,ENSXMAG00000018708,ENSXMAG00000018842,ENSXMAG00000018969,ENSXMAG00000018982,ENSXMAG00000019002,ENSXMAG00000019034,ENSXMAG00000019136,ENSXMAG00000019279,ENSXMAG00000019957,ENSXMAG00000020161,ENSXMAG00000000022,ENSXMAG00000000108,ENSXMAG00000000242,ENSXMAG00000000274,ENSXMAG00000000683,ENSXMAG00000000752,ENSXMAG00000000917,ENSXMAG00000001110,ENSXMAG00000001163,ENSXMAG00000001814,ENSXMAG00000001855,ENSXMAG00000001955,ENSXMAG00000002014,ENSXMAG00000002171,ENSXMAG00000002259,ENSXMAG00000002316,ENSXMAG00000002418,ENSXMAG00000002545,ENSXMAG00000002551,ENSXMAG00000002564,ENSXMAG00000002736,ENSXMAG00000002856,ENSXMAG00000002905,ENSXMAG00000002972,ENSXMAG00000003430,ENSXMAG00000003549,ENSXMAG00000003691,ENSXMAG00000003822,ENSXMAG00000004188,ENSXMAG00000004501,ENSXMAG00000004935,ENSXMAG00000004949,ENSXMAG00000004986,ENSXMAG00000004993,ENSXMAG00000005339,ENSXMAG00000005559,ENSXMAG00000005729,ENSXMAG00000005775,ENSXMAG00000006123,ENSXMAG00000006297,ENSXMAG00000006578,ENSXMAG00000006872,ENSXMAG00000007003,ENSXMAG00000007103,ENSXMAG00000007159,ENSXMAG00000007623,ENSXMAG00000007630,ENSXMAG00000007850,ENSXMAG00000007990,ENSXMAG00000008582,ENSXMAG00000008684,ENSXMAG00000008741,ENSXMAG00000009185,ENSXMAG00000009281,ENSXMAG00000009317,ENSXMAG00000009402,ENSXMAG00000009550,ENSXMAG00000009570,ENSXMAG00000009880,ENSXMAG00000010241,ENSXMAG00000010449,ENSXMAG00000010515,ENSXMAG00000010851,ENSXMAG00000010900,ENSXMAG00000011132,ENSXMAG00000011421,ENSXMAG00000011552,ENSXMAG00000012122,ENSXMAG00000012427,ENSXMAG00000012635,ENSXMAG00000012775,ENSXMAG00000013102,ENSXMAG00000013306,ENSXMAG00000014002,ENSXMAG00000014057,ENSXMAG00000014075,ENSXMAG00000014126,ENSXMAG00000014260,ENSXMAG00000014323,ENSXMAG00000014437,ENSXMAG00000014454,ENSXMAG00000014460,ENSXMAG00000014879,ENSXMAG00000015078,ENSXMAG00000015100,ENSXMAG00000015152,ENSXMAG00000015491,ENSXMAG00000015797,ENSXMAG00000015819,ENSXMAG00000015876,ENSXMAG00000015898,ENSXMAG00000015990,ENSXMAG00000016342,ENSXMAG00000016375,ENSXMAG00000016384,ENSXMAG00000016616,ENSXMAG00000016856,ENSXMAG00000016907,ENSXMAG00000017148,ENSXMAG00000017187,ENSXMAG00000017442,ENSXMAG00000017918,ENSXMAG00000017969,ENSXMAG00000018428,ENSXMAG00000018590,ENSXMAG00000018648,ENSXMAG00000018961,ENSXMAG00000018972	taldo1,ints2,oxsr1a,ptdss2,fmr1,snrpd2,znf598,wdsub1,HMBOX1,NFX1,trnt1,NT5M,ubp1,wtap,RANBP2,tsc22d1,PPP6R2,pak1,psma3,ciao2a,zranb2,cdc14ab,xrcc1,AKT1,brca2,bach1a,usp16,csk,pole,skp1,tlk2,nagk,atrx,nfyal,NRDC,srpk1a,phf8,tufm,PLD1,CREBBP,mink1,zc3h13,stk10,bms1,STT3B,taf12,stat5b,rps2,noc3l,CPS1,kat7b,CELF3,sdhb,rimkla,elk3,psmc5,rbm39b,inpp5l,cnot7,WNK2,tarbp2,eif3g,smpd2a,sart3,iars2,phkg2,tsen54,tsr3,mrpl16,TPP2,arih2,ch25hl2,stub1,psmb5,fxr1,phf5a,ZFHX4,PTPRM,DGKD,LARS1,MME,swi5,RING1,pfkfb4b,AAK1,ptpn4a,pde8a,senp5,carm1,SFMBT2,EPM2A,eif3k,foxk1,POLR1A,spcs1,bcl9,supt5h,man1b1b,E2F1,prpf18,araf,rfx3,hsbp1a,edc4,ctdp1,mdh1aa,ruvbl2,pycr3,cnot1,zbtb8os,PKN1,MGAT5B,cdc5l,nbn,DAGLA,gatb,psmd2,ehmt2,BPTF,ndst1a,limk1a,snrpe,ctbp1,MAST1,hectd1,USP32,mrtfab,UBE3A,l3mbtl2,RBPJ,bmp2k,MAN1B1,atg4c,fam20b,ube4b,foxk2a,mtm1,traf4a,tbxta,adpgk,PIK3C2B,zgc:163098,smndc1,stk35,pigq,FOXK2,lnx2b,adcy2b,eif3c,NHERF2,npepps,mtr,ptp4a1,pomt2,MBTD1,ybey,YEATS2,acsl3b,TOP1,NFKB1,snrpf,GALNT10,dicer1,prmt2,kdm2aa,HERC2,trit1,UBR2,CAMKV,igf1rb,SRBD1,sec11a,PIAS1,iars1,DHX8,anapc11,dnmt1,ftsj3,erbb2,GPBP1L1,csnk1g2a,zgc:158376,pola1,cul4a,HIRA,ATF2,ADAMTS7,pip4k2aa,PIK3CA,PIK3R4,MAN2A2,OGDH,anapc5,GAA,elp3,HSF1,snrnp200,RAPGEF2,ak4,dgcr8,cdk4,POP1,chfr,insig1,upf1,u2surp,ccar1,pomgnt2,lrrk2,JAK2,atp5f1c,pak4,yeats4,pip4p2,LCTL,acsl1b,mtmr3,WWP1,pdcd11,tyro3,CDK19,KALRN,dffb,ythdc1,etv5a,cad,MAST2,spic,MARK4,GNPAT,cry2,MAST3,gne,RFX7,crnkl1,PTK7,pgm3,psmb7,mllt3,cherp,kdm1a,ebp,pcxb,pfkfb3,cbl,sfswap,LSM3,nr3c1,psen1,eif4g2a,ctr9,HLCS,gemin2,TARBP1,zgc:154142,slkb,HACD3,gsk3ab,ERF,HUWE1,top2a,dhx9,chaf1a,POLRMT,ephb4a,RFX1,tnni3k,VIRMA,pdp1,fosl1a,nr2f5,cdc42bpb,pbx2,ocrl,UBR1,BMPR2,rbm24b,usp25,RNF5,ccdc57,PHKA1,galnt2,rxrbb,BRSK2,fa2h,st6galnac1.1,NKX2-8,LONRF3,DOK7,plcxd3,qars1,pofut2,spcs3,hsd17b4,rpl11,dhtkd1,clocka,tmem165,extl3,bap1,capn7,usp9,psmb3,ELOB,mocs1,lsm7,MAP3K10,ncln,PDE8B,fnta,hmgcrb,USP31,SHMT2,ptpn23a,cnot2,b3galt6,SOCS6,ddb1,med13a,xrn2,med12,aco2,sem1,POLG,eno2,tpi1a,umps,RFT1,CAMTA2,thoc7,alg6,inip,GAR1,ptgs2b,rnf19a,KSR2,mllt1b,tbk1,pcsk7,eif1,ADGB,csnk1db,snapc5,EP300,mettl22,wdr33,nbas,PNPLA7,TLK1,map3k7,PIGO,prkcba,pi4k2b,pus10,ULK2,shmt2,magoh,prkcaa,pcf11,KDM6A,tph1a,rnf217,dcp2,bcl9l,mta2,LONP1,cdk17,RNF146,rad23aa,rock2a,ATR,AMPD3,gars1,fut11,mms19,uggt1,pin4,ppardb,kat6a,agbl5,nlk1,dhh,TLX3,tlk1b,xylt2,pcif1,LOXL4,neu3.1,zgc:92907,eaf1,acer3,KDM2B,rpl35a,rnpepl1,pax6b,EPC1,adam10a,PTEN,ikbkb,pax2b,man1a2,DTX1,ctsba,dapk1,hacd3,arih1,dtx4a,chd1l,ppm1bb,ctcf,pigk,tert,psmb2,AASDH,PNPT1,FUT8,ISL2,npr1a,ddit3,rpf1,rbks,CHD7,insrb,med15,shrprbck1r
GO:0044248	0.012821572660667	1.44018787876061	40.1297136376524	54	335	cellular catabolic process	ENSXMAG00000000325,ENSXMAG00000002512,ENSXMAG00000004893,ENSXMAG00000005276,ENSXMAG00000007314,ENSXMAG00000008273,ENSXMAG00000011652,ENSXMAG00000016945,ENSXMAG00000017447,ENSXMAG00000000493,ENSXMAG00000002082,ENSXMAG00000005735,ENSXMAG00000009354,ENSXMAG00000009437,ENSXMAG00000009731,ENSXMAG00000009806,ENSXMAG00000011389,ENSXMAG00000011476,ENSXMAG00000012847,ENSXMAG00000013631,ENSXMAG00000016386,ENSXMAG00000018021,ENSXMAG00000019288,ENSXMAG00000000828,ENSXMAG00000002540,ENSXMAG00000004345,ENSXMAG00000005169,ENSXMAG00000005196,ENSXMAG00000007535,ENSXMAG00000013626,ENSXMAG00000014035,ENSXMAG00000014059,ENSXMAG00000014982,ENSXMAG00000016234,ENSXMAG00000017166,ENSXMAG00000018028,ENSXMAG00000018120,ENSXMAG00000018630,ENSXMAG00000018842,ENSXMAG00000019002,ENSXMAG00000019275,ENSXMAG00000000022,ENSXMAG00000002371,ENSXMAG00000003514,ENSXMAG00000004501,ENSXMAG00000005775,ENSXMAG00000007623,ENSXMAG00000007990,ENSXMAG00000008684,ENSXMAG00000008741,ENSXMAG00000009185,ENSXMAG00000016616,ENSXMAG00000016907,ENSXMAG00000017429	RAB39B,NT5M,psma3,ALDH1L2,usp16,skp1,zgc:92606,psmc5,cnot7,psmb5,pde8a,edc4,hectd1,USP32,UBE3A,atg3,atg4c,ube4b,stk35,lamp2,UBR2,anapc11,cul4a,PIK3R4,upf1,WWP1,dffb,ythdc1,psmb7,UBR1,usp25,RNF5,ATG2B,hsd17b4,bap1,usp9,psmb3,lsm7,PDE8B,USP31,WASHC4,ddb1,bcas3,ap3d1,nbas,ULK2,dcp2,LONP1,RNF146,rad23aa,rock2a,psmb2,PNPT1,ATG7
GO:0044257	0.00116144146335101	2.1018108190709	14.7341933654664	27	123	cellular protein catabolic process	ENSXMAG00000004893,ENSXMAG00000007314,ENSXMAG00000008273,ENSXMAG00000016945,ENSXMAG00000000493,ENSXMAG00000009354,ENSXMAG00000009437,ENSXMAG00000009731,ENSXMAG00000011476,ENSXMAG00000016386,ENSXMAG00000018021,ENSXMAG00000019288,ENSXMAG00000004345,ENSXMAG00000007535,ENSXMAG00000013626,ENSXMAG00000014035,ENSXMAG00000014059,ENSXMAG00000017166,ENSXMAG00000018028,ENSXMAG00000018120,ENSXMAG00000019002,ENSXMAG00000000022,ENSXMAG00000007990,ENSXMAG00000008684,ENSXMAG00000008741,ENSXMAG00000009185,ENSXMAG00000016616	psma3,usp16,skp1,psmc5,psmb5,hectd1,USP32,UBE3A,ube4b,UBR2,anapc11,cul4a,WWP1,psmb7,UBR1,usp25,RNF5,bap1,usp9,psmb3,USP31,ddb1,LONP1,RNF146,rad23aa,rock2a,psmb2
GO:0044260	0.0128306974690211	1.19443958734044	257.309328040828	286	2148	cellular macromolecule metabolic process	ENSXMAG00000000211,ENSXMAG00000000827,ENSXMAG00000001469,ENSXMAG00000001721,ENSXMAG00000001795,ENSXMAG00000001963,ENSXMAG00000003023,ENSXMAG00000003331,ENSXMAG00000003519,ENSXMAG00000003554,ENSXMAG00000004084,ENSXMAG00000004548,ENSXMAG00000004893,ENSXMAG00000005497,ENSXMAG00000006522,ENSXMAG00000006673,ENSXMAG00000006974,ENSXMAG00000007309,ENSXMAG00000007314,ENSXMAG00000007364,ENSXMAG00000007745,ENSXMAG00000008273,ENSXMAG00000008612,ENSXMAG00000009112,ENSXMAG00000010069,ENSXMAG00000010290,ENSXMAG00000010813,ENSXMAG00000011848,ENSXMAG00000011929,ENSXMAG00000011935,ENSXMAG00000012423,ENSXMAG00000012460,ENSXMAG00000014350,ENSXMAG00000014465,ENSXMAG00000014535,ENSXMAG00000014912,ENSXMAG00000016262,ENSXMAG00000016767,ENSXMAG00000016945,ENSXMAG00000017447,ENSXMAG00000017487,ENSXMAG00000017836,ENSXMAG00000018061,ENSXMAG00000018636,ENSXMAG00000018776,ENSXMAG00000019187,ENSXMAG00000019355,ENSXMAG00000000076,ENSXMAG00000000493,ENSXMAG00000000666,ENSXMAG00000000693,ENSXMAG00000000747,ENSXMAG00000001454,ENSXMAG00000001550,ENSXMAG00000001614,ENSXMAG00000001846,ENSXMAG00000001932,ENSXMAG00000002082,ENSXMAG00000002542,ENSXMAG00000002967,ENSXMAG00000003006,ENSXMAG00000003098,ENSXMAG00000003510,ENSXMAG00000004032,ENSXMAG00000004036,ENSXMAG00000004093,ENSXMAG00000004169,ENSXMAG00000004669,ENSXMAG00000004922,ENSXMAG00000005015,ENSXMAG00000005364,ENSXMAG00000005735,ENSXMAG00000005765,ENSXMAG00000005918,ENSXMAG00000006031,ENSXMAG00000006429,ENSXMAG00000006566,ENSXMAG00000006954,ENSXMAG00000008071,ENSXMAG00000008233,ENSXMAG00000008341,ENSXMAG00000008661,ENSXMAG00000008665,ENSXMAG00000008786,ENSXMAG00000008978,ENSXMAG00000009142,ENSXMAG00000009354,ENSXMAG00000009437,ENSXMAG00000009671,ENSXMAG00000009731,ENSXMAG00000009758,ENSXMAG00000009877,ENSXMAG00000009913,ENSXMAG00000011408,ENSXMAG00000011476,ENSXMAG00000011644,ENSXMAG00000011868,ENSXMAG00000012033,ENSXMAG00000012847,ENSXMAG00000013137,ENSXMAG00000013158,ENSXMAG00000013187,ENSXMAG00000013796,ENSXMAG00000014405,ENSXMAG00000014515,ENSXMAG00000014708,ENSXMAG00000015052,ENSXMAG00000015345,ENSXMAG00000015369,ENSXMAG00000015451,ENSXMAG00000015793,ENSXMAG00000016133,ENSXMAG00000016386,ENSXMAG00000016499,ENSXMAG00000016851,ENSXMAG00000017133,ENSXMAG00000017552,ENSXMAG00000017562,ENSXMAG00000018021,ENSXMAG00000018063,ENSXMAG00000018139,ENSXMAG00000018390,ENSXMAG00000018411,ENSXMAG00000018838,ENSXMAG00000019037,ENSXMAG00000019288,ENSXMAG00000000044,ENSXMAG00000000397,ENSXMAG00000000828,ENSXMAG00000001356,ENSXMAG00000001905,ENSXMAG00000002442,ENSXMAG00000002473,ENSXMAG00000002540,ENSXMAG00000002765,ENSXMAG00000002768,ENSXMAG00000002775,ENSXMAG00000003004,ENSXMAG00000003196,ENSXMAG00000003474,ENSXMAG00000004345,ENSXMAG00000004939,ENSXMAG00000005037,ENSXMAG00000005081,ENSXMAG00000005169,ENSXMAG00000005196,ENSXMAG00000005286,ENSXMAG00000005398,ENSXMAG00000005531,ENSXMAG00000005903,ENSXMAG00000006417,ENSXMAG00000006471,ENSXMAG00000006676,ENSXMAG00000006926,ENSXMAG00000007535,ENSXMAG00000007644,ENSXMAG00000008128,ENSXMAG00000008797,ENSXMAG00000009167,ENSXMAG00000009265,ENSXMAG00000009282,ENSXMAG00000009600,ENSXMAG00000010323,ENSXMAG00000010809,ENSXMAG00000010816,ENSXMAG00000010828,ENSXMAG00000011303,ENSXMAG00000011305,ENSXMAG00000011864,ENSXMAG00000012464,ENSXMAG00000012812,ENSXMAG00000012853,ENSXMAG00000013115,ENSXMAG00000013155,ENSXMAG00000013157,ENSXMAG00000013436,ENSXMAG00000013537,ENSXMAG00000013564,ENSXMAG00000013626,ENSXMAG00000013681,ENSXMAG00000014035,ENSXMAG00000014059,ENSXMAG00000014862,ENSXMAG00000015073,ENSXMAG00000015121,ENSXMAG00000015186,ENSXMAG00000015682,ENSXMAG00000015760,ENSXMAG00000015785,ENSXMAG00000015836,ENSXMAG00000015931,ENSXMAG00000015956,ENSXMAG00000015996,ENSXMAG00000016325,ENSXMAG00000016928,ENSXMAG00000016958,ENSXMAG00000017017,ENSXMAG00000017166,ENSXMAG00000018028,ENSXMAG00000018120,ENSXMAG00000018454,ENSXMAG00000018544,ENSXMAG00000018630,ENSXMAG00000018686,ENSXMAG00000018708,ENSXMAG00000018969,ENSXMAG00000019002,ENSXMAG00000019136,ENSXMAG00000019279,ENSXMAG00000019957,ENSXMAG00000020161,ENSXMAG00000000022,ENSXMAG00000000108,ENSXMAG00000000274,ENSXMAG00000000752,ENSXMAG00000000917,ENSXMAG00000001855,ENSXMAG00000002171,ENSXMAG00000002259,ENSXMAG00000002545,ENSXMAG00000002551,ENSXMAG00000002564,ENSXMAG00000002736,ENSXMAG00000002905,ENSXMAG00000003430,ENSXMAG00000003549,ENSXMAG00000003691,ENSXMAG00000003822,ENSXMAG00000004501,ENSXMAG00000004949,ENSXMAG00000004986,ENSXMAG00000004993,ENSXMAG00000005339,ENSXMAG00000005775,ENSXMAG00000006578,ENSXMAG00000006872,ENSXMAG00000007159,ENSXMAG00000007623,ENSXMAG00000007630,ENSXMAG00000007850,ENSXMAG00000007990,ENSXMAG00000008582,ENSXMAG00000008684,ENSXMAG00000008741,ENSXMAG00000009185,ENSXMAG00000009281,ENSXMAG00000009402,ENSXMAG00000009550,ENSXMAG00000009570,ENSXMAG00000009880,ENSXMAG00000010449,ENSXMAG00000010515,ENSXMAG00000010851,ENSXMAG00000010900,ENSXMAG00000011421,ENSXMAG00000011552,ENSXMAG00000012122,ENSXMAG00000012427,ENSXMAG00000012635,ENSXMAG00000013102,ENSXMAG00000013306,ENSXMAG00000014057,ENSXMAG00000014075,ENSXMAG00000014260,ENSXMAG00000014323,ENSXMAG00000014454,ENSXMAG00000014460,ENSXMAG00000014879,ENSXMAG00000015100,ENSXMAG00000015491,ENSXMAG00000015819,ENSXMAG00000015876,ENSXMAG00000015898,ENSXMAG00000015990,ENSXMAG00000016342,ENSXMAG00000016375,ENSXMAG00000016384,ENSXMAG00000016616,ENSXMAG00000016907,ENSXMAG00000017148,ENSXMAG00000017187,ENSXMAG00000017442,ENSXMAG00000018590,ENSXMAG00000018648,ENSXMAG00000018961,ENSXMAG00000018972	oxsr1a,fmr1,znf598,wdsub1,HMBOX1,NFX1,ubp1,wtap,RANBP2,tsc22d1,PPP6R2,pak1,psma3,cdc14ab,xrcc1,AKT1,brca2,bach1a,usp16,csk,pole,skp1,tlk2,atrx,nfyal,srpk1a,phf8,tufm,CREBBP,mink1,zc3h13,stk10,STT3B,taf12,stat5b,rps2,kat7b,elk3,psmc5,cnot7,WNK2,tarbp2,eif3g,iars2,phkg2,mrpl16,arih2,stub1,psmb5,fxr1,ZFHX4,PTPRM,LARS1,swi5,RING1,AAK1,ptpn4a,pde8a,carm1,SFMBT2,EPM2A,eif3k,foxk1,POLR1A,spcs1,bcl9,supt5h,E2F1,araf,rfx3,hsbp1a,edc4,ctdp1,ruvbl2,cnot1,PKN1,MGAT5B,nbn,gatb,ehmt2,BPTF,ndst1a,limk1a,lrwd1,ctbp1,MAST1,hectd1,USP32,mrtfab,UBE3A,l3mbtl2,RBPJ,bmp2k,fam20b,ube4b,foxk2a,traf4a,tbxta,stk35,pigq,FOXK2,lnx2b,eif3c,ptp4a1,pomt2,MBTD1,YEATS2,TOP1,NFKB1,GALNT10,prmt2,HERC2,UBR2,CAMKV,igf1rb,sec11a,PIAS1,iars1,anapc11,dnmt1,ftsj3,erbb2,GPBP1L1,csnk1g2a,pola1,cul4a,HIRA,ATF2,PIK3R4,anapc5,HSF1,cdk4,chfr,upf1,ccar1,pomgnt2,lrrk2,JAK2,pak4,yeats4,WWP1,tyro3,CDK19,KALRN,dffb,ythdc1,etv5a,MAST2,spic,MARK4,cry2,MAST3,RFX7,PTK7,psmb7,mllt3,kdm1a,cbl,nr3c1,eif4g2a,ctr9,TARBP1,slkb,gsk3ab,ERF,HUWE1,top2a,dhx9,chaf1a,POLRMT,ephb4a,RFX1,tnni3k,pdp1,fosl1a,nr2f5,cdc42bpb,pbx2,UBR1,BMPR2,usp25,RNF5,PHKA1,galnt2,rxrbb,BRSK2,st6galnac1.1,NKX2-8,LONRF3,DOK7,qars1,pofut2,spcs3,rpl11,clocka,tmem165,extl3,bap1,usp9,psmb3,ELOB,mocs1,lsm7,MAP3K10,ncln,fnta,USP31,ptpn23a,cnot2,b3galt6,SOCS6,ddb1,med13a,med12,sem1,POLG,RFT1,alg6,inip,rnf19a,KSR2,mllt1b,tbk1,eif1,csnk1db,snapc5,EP300,mettl22,nbas,TLK1,map3k7,PIGO,prkcba,ULK2,prkcaa,pcf11,rnf217,dcp2,bcl9l,mta2,LONP1,cdk17,RNF146,rad23aa,rock2a,ATR,gars1,fut11,mms19,uggt1,ppardb,kat6a,agbl5,nlk1,TLX3,tlk1b,xylt2,pcif1,LOXL4,zgc:92907,eaf1,KDM2B,rpl35a,pax6b,EPC1,PTEN,ikbkb,pax2b,DTX1,dapk1,arih1,dtx4a,chd1l,ppm1bb,ctcf,pigk,tert,psmb2,PNPT1,FUT8,ISL2,npr1a,CHD7,insrb,med15,shrprbck1r
GO:0044265	0.00133705835418401	1.86099484250458	21.6820243833286	36	181	cellular macromolecule catabolic process	ENSXMAG00000004893,ENSXMAG00000007314,ENSXMAG00000008273,ENSXMAG00000016945,ENSXMAG00000017447,ENSXMAG00000000493,ENSXMAG00000005735,ENSXMAG00000009354,ENSXMAG00000009437,ENSXMAG00000009731,ENSXMAG00000011476,ENSXMAG00000016386,ENSXMAG00000018021,ENSXMAG00000019288,ENSXMAG00000002540,ENSXMAG00000004345,ENSXMAG00000005169,ENSXMAG00000005196,ENSXMAG00000007535,ENSXMAG00000013626,ENSXMAG00000014035,ENSXMAG00000014059,ENSXMAG00000017166,ENSXMAG00000018028,ENSXMAG00000018120,ENSXMAG00000018630,ENSXMAG00000019002,ENSXMAG00000000022,ENSXMAG00000004501,ENSXMAG00000007623,ENSXMAG00000007990,ENSXMAG00000008684,ENSXMAG00000008741,ENSXMAG00000009185,ENSXMAG00000016616,ENSXMAG00000016907	psma3,usp16,skp1,psmc5,cnot7,psmb5,edc4,hectd1,USP32,UBE3A,ube4b,UBR2,anapc11,cul4a,upf1,WWP1,dffb,ythdc1,psmb7,UBR1,usp25,RNF5,bap1,usp9,psmb3,lsm7,USP31,ddb1,nbas,dcp2,LONP1,RNF146,rad23aa,rock2a,psmb2,PNPT1
GO:0044267	0.00260105214203674	1.30153657600696	146.144031755033	176	1220	cellular protein metabolic process	ENSXMAG00000000211,ENSXMAG00000000827,ENSXMAG00000001469,ENSXMAG00000001721,ENSXMAG00000003519,ENSXMAG00000004084,ENSXMAG00000004548,ENSXMAG00000004893,ENSXMAG00000005497,ENSXMAG00000006673,ENSXMAG00000007314,ENSXMAG00000007364,ENSXMAG00000008273,ENSXMAG00000008612,ENSXMAG00000010290,ENSXMAG00000011848,ENSXMAG00000011929,ENSXMAG00000011935,ENSXMAG00000012460,ENSXMAG00000014350,ENSXMAG00000014912,ENSXMAG00000016262,ENSXMAG00000016945,ENSXMAG00000017487,ENSXMAG00000017836,ENSXMAG00000018061,ENSXMAG00000018636,ENSXMAG00000018776,ENSXMAG00000019187,ENSXMAG00000019355,ENSXMAG00000000076,ENSXMAG00000000493,ENSXMAG00000000666,ENSXMAG00000000747,ENSXMAG00000001454,ENSXMAG00000001614,ENSXMAG00000001846,ENSXMAG00000001932,ENSXMAG00000002542,ENSXMAG00000003006,ENSXMAG00000003098,ENSXMAG00000004036,ENSXMAG00000004922,ENSXMAG00000005765,ENSXMAG00000006031,ENSXMAG00000006429,ENSXMAG00000006566,ENSXMAG00000008071,ENSXMAG00000008233,ENSXMAG00000008665,ENSXMAG00000009142,ENSXMAG00000009354,ENSXMAG00000009437,ENSXMAG00000009731,ENSXMAG00000009913,ENSXMAG00000011476,ENSXMAG00000011868,ENSXMAG00000012847,ENSXMAG00000013137,ENSXMAG00000013187,ENSXMAG00000013796,ENSXMAG00000014405,ENSXMAG00000014515,ENSXMAG00000015451,ENSXMAG00000015793,ENSXMAG00000016133,ENSXMAG00000016386,ENSXMAG00000016499,ENSXMAG00000016851,ENSXMAG00000017133,ENSXMAG00000017552,ENSXMAG00000017562,ENSXMAG00000018021,ENSXMAG00000018063,ENSXMAG00000018390,ENSXMAG00000018838,ENSXMAG00000019288,ENSXMAG00000000828,ENSXMAG00000001356,ENSXMAG00000002442,ENSXMAG00000002473,ENSXMAG00000002768,ENSXMAG00000002775,ENSXMAG00000003004,ENSXMAG00000003196,ENSXMAG00000004345,ENSXMAG00000004939,ENSXMAG00000005037,ENSXMAG00000005081,ENSXMAG00000005398,ENSXMAG00000005903,ENSXMAG00000006471,ENSXMAG00000006926,ENSXMAG00000007535,ENSXMAG00000008128,ENSXMAG00000008797,ENSXMAG00000009265,ENSXMAG00000009282,ENSXMAG00000010323,ENSXMAG00000010809,ENSXMAG00000010828,ENSXMAG00000012812,ENSXMAG00000013115,ENSXMAG00000013155,ENSXMAG00000013537,ENSXMAG00000013626,ENSXMAG00000013681,ENSXMAG00000014035,ENSXMAG00000014059,ENSXMAG00000015073,ENSXMAG00000015186,ENSXMAG00000015682,ENSXMAG00000015785,ENSXMAG00000015836,ENSXMAG00000015931,ENSXMAG00000015956,ENSXMAG00000015996,ENSXMAG00000016325,ENSXMAG00000016958,ENSXMAG00000017017,ENSXMAG00000017166,ENSXMAG00000018028,ENSXMAG00000018120,ENSXMAG00000018544,ENSXMAG00000018686,ENSXMAG00000018969,ENSXMAG00000019002,ENSXMAG00000019136,ENSXMAG00000019957,ENSXMAG00000020161,ENSXMAG00000000022,ENSXMAG00000001855,ENSXMAG00000002171,ENSXMAG00000002545,ENSXMAG00000002551,ENSXMAG00000002736,ENSXMAG00000002905,ENSXMAG00000003430,ENSXMAG00000003691,ENSXMAG00000003822,ENSXMAG00000004949,ENSXMAG00000004986,ENSXMAG00000004993,ENSXMAG00000005339,ENSXMAG00000005775,ENSXMAG00000006578,ENSXMAG00000007159,ENSXMAG00000007623,ENSXMAG00000007990,ENSXMAG00000008582,ENSXMAG00000008684,ENSXMAG00000008741,ENSXMAG00000009185,ENSXMAG00000009402,ENSXMAG00000009550,ENSXMAG00000009880,ENSXMAG00000010515,ENSXMAG00000010851,ENSXMAG00000010900,ENSXMAG00000011552,ENSXMAG00000012635,ENSXMAG00000013102,ENSXMAG00000014075,ENSXMAG00000014454,ENSXMAG00000014460,ENSXMAG00000015100,ENSXMAG00000015491,ENSXMAG00000015819,ENSXMAG00000015876,ENSXMAG00000015990,ENSXMAG00000016375,ENSXMAG00000016616,ENSXMAG00000017148,ENSXMAG00000017442,ENSXMAG00000018648,ENSXMAG00000018972	oxsr1a,fmr1,znf598,wdsub1,RANBP2,PPP6R2,pak1,psma3,cdc14ab,AKT1,usp16,csk,skp1,tlk2,srpk1a,tufm,CREBBP,mink1,stk10,STT3B,rps2,kat7b,psmc5,WNK2,tarbp2,eif3g,iars2,phkg2,mrpl16,arih2,stub1,psmb5,fxr1,PTPRM,LARS1,RING1,AAK1,ptpn4a,carm1,EPM2A,eif3k,spcs1,araf,ctdp1,cnot1,PKN1,MGAT5B,gatb,ehmt2,limk1a,MAST1,hectd1,USP32,UBE3A,bmp2k,ube4b,traf4a,stk35,pigq,lnx2b,eif3c,ptp4a1,pomt2,GALNT10,prmt2,HERC2,UBR2,CAMKV,igf1rb,sec11a,PIAS1,iars1,anapc11,dnmt1,erbb2,csnk1g2a,cul4a,PIK3R4,anapc5,cdk4,chfr,pomgnt2,lrrk2,JAK2,pak4,WWP1,tyro3,CDK19,KALRN,MAST2,MARK4,MAST3,PTK7,psmb7,kdm1a,cbl,eif4g2a,ctr9,slkb,gsk3ab,HUWE1,ephb4a,tnni3k,pdp1,cdc42bpb,UBR1,BMPR2,usp25,RNF5,galnt2,BRSK2,st6galnac1.1,LONRF3,DOK7,qars1,pofut2,spcs3,rpl11,tmem165,extl3,bap1,usp9,psmb3,mocs1,MAP3K10,fnta,USP31,ptpn23a,b3galt6,SOCS6,ddb1,RFT1,alg6,rnf19a,KSR2,tbk1,eif1,csnk1db,EP300,mettl22,TLK1,map3k7,PIGO,prkcba,ULK2,prkcaa,rnf217,dcp2,LONP1,cdk17,RNF146,rad23aa,rock2a,gars1,fut11,uggt1,kat6a,agbl5,nlk1,tlk1b,LOXL4,zgc:92907,rpl35a,PTEN,ikbkb,DTX1,dapk1,arih1,dtx4a,ppm1bb,pigk,psmb2,FUT8,npr1a,insrb,shrprbck1r
GO:0045184	0.00448988486824577	1.5883684436316	32.2235611000851	47	269	establishment of protein localization	ENSXMAG00000000350,ENSXMAG00000004462,ENSXMAG00000009922,ENSXMAG00000011294,ENSXMAG00000011485,ENSXMAG00000013149,ENSXMAG00000000415,ENSXMAG00000000433,ENSXMAG00000000669,ENSXMAG00000001032,ENSXMAG00000002261,ENSXMAG00000002745,ENSXMAG00000003339,ENSXMAG00000005205,ENSXMAG00000005752,ENSXMAG00000006205,ENSXMAG00000006749,ENSXMAG00000007246,ENSXMAG00000011389,ENSXMAG00000013186,ENSXMAG00000018000,ENSXMAG00000004482,ENSXMAG00000005864,ENSXMAG00000007662,ENSXMAG00000008458,ENSXMAG00000010930,ENSXMAG00000012793,ENSXMAG00000017632,ENSXMAG00000018175,ENSXMAG00000018792,ENSXMAG00000018805,ENSXMAG00000000535,ENSXMAG00000003514,ENSXMAG00000004238,ENSXMAG00000004501,ENSXMAG00000005243,ENSXMAG00000005909,ENSXMAG00000007189,ENSXMAG00000010406,ENSXMAG00000011931,ENSXMAG00000012365,ENSXMAG00000014130,ENSXMAG00000017141,ENSXMAG00000017429,ENSXMAG00000017916,ENSXMAG00000018357,ENSXMAG00000019291	KPNA6,sec63,ran,PEX14,IPO13,yif1a,ap1g2,xpo7,VPS50,cltcb,snx18b,AP2A1,spire1a,exoc4,appbp2,exoc2,vps37a,RIMS1,atg4c,stx17,SRP72,cog3,GBF1,napab,bcap29,TOMM40L,TNPO2,vps25,yif1b,kpnb1,AP3B1,exoc6b,ap3d1,rab4b,nbas,RIC1,vps54,PGAP1,MON2,ap1s1,arcn1b,nup133,ssr3,ATG7,ap1b1,kpna4,tgfbrap1
GO:0045454	0.0395770540754496	14.7283511269276	0.359370569889424	2	3	cell redox homeostasis	ENSXMAG00000016221,ENSXMAG00000002378	gsr,TXNRD2
GO:0046112	0.041366659802194	5.5270190023753	0.83853132974199	3	7	nucleobase biosynthetic process	ENSXMAG00000016110,ENSXMAG00000005369,ENSXMAG00000001814	CPS1,cad,umps
GO:0046907	0.000268131196869154	1.8574268892964	29.1090161610434	48	243	intracellular transport	ENSXMAG00000000350,ENSXMAG00000002443,ENSXMAG00000003519,ENSXMAG00000004329,ENSXMAG00000009504,ENSXMAG00000009922,ENSXMAG00000010517,ENSXMAG00000011198,ENSXMAG00000011294,ENSXMAG00000011485,ENSXMAG00000013149,ENSXMAG00000016937,ENSXMAG00000000415,ENSXMAG00000000433,ENSXMAG00000000669,ENSXMAG00000001032,ENSXMAG00000002745,ENSXMAG00000005205,ENSXMAG00000005752,ENSXMAG00000007246,ENSXMAG00000009113,ENSXMAG00000013186,ENSXMAG00000016953,ENSXMAG00000018000,ENSXMAG00000000828,ENSXMAG00000001791,ENSXMAG00000004482,ENSXMAG00000004637,ENSXMAG00000007662,ENSXMAG00000008458,ENSXMAG00000010930,ENSXMAG00000012793,ENSXMAG00000014884,ENSXMAG00000018175,ENSXMAG00000018792,ENSXMAG00000018805,ENSXMAG00000000535,ENSXMAG00000000752,ENSXMAG00000003514,ENSXMAG00000005243,ENSXMAG00000005909,ENSXMAG00000006960,ENSXMAG00000011931,ENSXMAG00000014130,ENSXMAG00000017141,ENSXMAG00000017916,ENSXMAG00000018357,ENSXMAG00000019291	KPNA6,ranbp1,RANBP2,ift81,SEC22C,ran,yipf4,tfg,PEX14,IPO13,yif1a,CCDC88A,ap1g2,xpo7,VPS50,cltcb,AP2A1,exoc4,appbp2,RIMS1,hook2,stx17,golt1bb,SRP72,PIK3R4,DNAJC13,cog3,mfn2,napab,bcap29,TOMM40L,TNPO2,xpo4,yif1b,kpnb1,AP3B1,exoc6b,sem1,ap3d1,RIC1,vps54,DOP1A,ap1s1,nup133,ssr3,ap1b1,kpna4,tgfbrap1
GO:0048193	0.000654006841143154	3.09889558232932	6.10929968812022	15	51	Golgi vesicle transport	ENSXMAG00000001261,ENSXMAG00000009504,ENSXMAG00000010517,ENSXMAG00000011198,ENSXMAG00000013149,ENSXMAG00000005205,ENSXMAG00000006205,ENSXMAG00000016953,ENSXMAG00000008458,ENSXMAG00000010634,ENSXMAG00000013808,ENSXMAG00000018175,ENSXMAG00000004501,ENSXMAG00000006960,ENSXMAG00000012365	TRAPPC10,SEC22C,yipf4,tfg,yif1a,exoc4,exoc2,golt1bb,bcap29,trappc3,stx10,yif1b,nbas,DOP1A,arcn1b
GO:0048284	0.00961661860297792	7.37812128418549	0.958321519705132	4	8	organelle fusion	ENSXMAG00000004637,ENSXMAG00000018170,ENSXMAG00000005746,ENSXMAG00000007120	mfn2,mfn1b,miga2,miga1
GO:0048332	0.0460085875864249	3.68668252080856	1.4374822795577	4	12	mesoderm morphogenesis	ENSXMAG00000012033,ENSXMAG00000005286,ENSXMAG00000009185,ENSXMAG00000013306	tbxta,etv5a,rock2a,eaf1
GO:0048368	0.0237061662342914	4.91716210860087	1.19790189963141	4	10	lateral mesoderm development	ENSXMAG00000001388,ENSXMAG00000012033,ENSXMAG00000018708,ENSXMAG00000018311	atp6ap1b,tbxta,ncln,ikzf5
GO:0048701	0.006974235034101	2.47195512820513	6.22908987808336	13	52	embryonic cranial skeleton morphogenesis	ENSXMAG00000010813,ENSXMAG00000004032,ENSXMAG00000004093,ENSXMAG00000011408,ENSXMAG00000009167,ENSXMAG00000013582,ENSXMAG00000014017,ENSXMAG00000016958,ENSXMAG00000004501,ENSXMAG00000010515,ENSXMAG00000014057,ENSXMAG00000018590,ENSXMAG00000018972	phf8,POLR1A,bcl9,fam20b,nr3c1,ocrl,rbm24b,tmem165,nbas,kat6a,KDM2B,CHD7,shrprbck1r
GO:0048704	0.00825562054623514	2.409765625	6.3488800680465	13	53	embryonic skeletal system morphogenesis	ENSXMAG00000010813,ENSXMAG00000004032,ENSXMAG00000004093,ENSXMAG00000011408,ENSXMAG00000009167,ENSXMAG00000013582,ENSXMAG00000014017,ENSXMAG00000016958,ENSXMAG00000004501,ENSXMAG00000010515,ENSXMAG00000014057,ENSXMAG00000018590,ENSXMAG00000018972	phf8,POLR1A,bcl9,fam20b,nr3c1,ocrl,rbm24b,tmem165,nbas,kat6a,KDM2B,CHD7,shrprbck1r
GO:0048705	0.00848611154974413	2.30768819360877	7.06762120782535	14	59	skeletal system morphogenesis	ENSXMAG00000010813,ENSXMAG00000004032,ENSXMAG00000004093,ENSXMAG00000011408,ENSXMAG00000012227,ENSXMAG00000009167,ENSXMAG00000013582,ENSXMAG00000014017,ENSXMAG00000016958,ENSXMAG00000004501,ENSXMAG00000010515,ENSXMAG00000014057,ENSXMAG00000018590,ENSXMAG00000018972	phf8,POLR1A,bcl9,fam20b,GDF5,nr3c1,ocrl,rbm24b,tmem165,nbas,kat6a,KDM2B,CHD7,shrprbck1r
GO:0048706	0.0202456325026396	2.09341032608696	7.06762120782535	13	59	embryonic skeletal system development	ENSXMAG00000010813,ENSXMAG00000004032,ENSXMAG00000004093,ENSXMAG00000011408,ENSXMAG00000009167,ENSXMAG00000013582,ENSXMAG00000014017,ENSXMAG00000016958,ENSXMAG00000004501,ENSXMAG00000010515,ENSXMAG00000014057,ENSXMAG00000018590,ENSXMAG00000018972	phf8,POLR1A,bcl9,fam20b,nr3c1,ocrl,rbm24b,tmem165,nbas,kat6a,KDM2B,CHD7,shrprbck1r
GO:0051169	0.0175624633527666	2.32661870503597	5.51034873830451	11	46	nuclear transport	ENSXMAG00000000350,ENSXMAG00000002443,ENSXMAG00000009922,ENSXMAG00000011485,ENSXMAG00000000433,ENSXMAG00000012793,ENSXMAG00000014884,ENSXMAG00000018792,ENSXMAG00000000752,ENSXMAG00000014130,ENSXMAG00000018357	KPNA6,ranbp1,ran,IPO13,xpo7,TNPO2,xpo4,kpnb1,sem1,nup133,kpna4
GO:0051276	2.38488384323229e-05	2.15423259493671	24.3174085625177	45	203	chromosome organization	ENSXMAG00000000741,ENSXMAG00000000948,ENSXMAG00000004820,ENSXMAG00000008480,ENSXMAG00000009616,ENSXMAG00000010813,ENSXMAG00000011282,ENSXMAG00000011929,ENSXMAG00000012294,ENSXMAG00000016262,ENSXMAG00000016926,ENSXMAG00000002542,ENSXMAG00000003378,ENSXMAG00000004169,ENSXMAG00000006338,ENSXMAG00000006954,ENSXMAG00000008341,ENSXMAG00000009758,ENSXMAG00000010716,ENSXMAG00000014708,ENSXMAG00000015345,ENSXMAG00000015363,ENSXMAG00000015721,ENSXMAG00000015985,ENSXMAG00000016160,ENSXMAG00000000044,ENSXMAG00000003004,ENSXMAG00000003666,ENSXMAG00000004648,ENSXMAG00000008128,ENSXMAG00000009167,ENSXMAG00000011303,ENSXMAG00000013718,ENSXMAG00000018350,ENSXMAG00000002742,ENSXMAG00000003412,ENSXMAG00000003691,ENSXMAG00000004215,ENSXMAG00000010515,ENSXMAG00000013377,ENSXMAG00000014057,ENSXMAG00000014323,ENSXMAG00000015898,ENSXMAG00000018590,ENSXMAG00000019200	waca,ercc6l,BAZ1A,PDS5B,pds5a,phf8,ing5a,CREBBP,MAU2,kat7b,nipbla,carm1,kdm5ba,supt5h,ARID1B,nbn,BPTF,l3mbtl2,ARID1A,MBTD1,TOP1,SHPRH,dicer1,kdm2aa,pbrm1l,HIRA,JAK2,CABIN1,KDM7A,kdm1a,nr3c1,top2a,setb,tspy,sycp1,brd2a,EP300,SATB2,kat6a,bag6,KDM2B,EPC1,chd1l,CHD7,fbxo18
GO:0051336	0.0394158984237542	1.93005898011378	6.94783101786221	12	58	regulation of hydrolase activity	ENSXMAG00000004084,ENSXMAG00000008066,ENSXMAG00000012749,ENSXMAG00000015995,ENSXMAG00000009744,ENSXMAG00000015120,ENSXMAG00000017609,ENSXMAG00000007277,ENSXMAG00000014571,ENSXMAG00000014836,ENSXMAG00000015355,ENSXMAG00000019416	PPP6R2,asap2a,TSC2,rp2,asap2b,RASAL1,TIAM1,rab3gap1,ARHGAP44,zgc:63863,RASA1
GO:0051345	0.0030689217227434	3.70275119617225	3.23433512900482	9	27	positive regulation of hydrolase activity	ENSXMAG00000008066,ENSXMAG00000012749,ENSXMAG00000015995,ENSXMAG00000009744,ENSXMAG00000017609,ENSXMAG00000007277,ENSXMAG00000014571,ENSXMAG00000014836,ENSXMAG00000015355	asap2a,TSC2,rp2,asap2b,TIAM1,rab3gap1,ARHGAP44,zgc:63863
GO:0051402	0.0344151495076763	3.3538961038961	1.91664303941026	5	16	neuron apoptotic process	ENSXMAG00000010813,ENSXMAG00000001378,ENSXMAG00000003296,ENSXMAG00000014007,ENSXMAG00000004970	phf8,m17,hm13,grinab,epas1b
GO:0051603	0.00173425798802458	2.06518068220196	14.374822795577	26	120	proteolysis involved in cellular protein catabolic process	ENSXMAG00000004893,ENSXMAG00000007314,ENSXMAG00000008273,ENSXMAG00000016945,ENSXMAG00000000493,ENSXMAG00000009354,ENSXMAG00000009437,ENSXMAG00000009731,ENSXMAG00000011476,ENSXMAG00000016386,ENSXMAG00000018021,ENSXMAG00000019288,ENSXMAG00000004345,ENSXMAG00000007535,ENSXMAG00000013626,ENSXMAG00000014035,ENSXMAG00000014059,ENSXMAG00000017166,ENSXMAG00000018028,ENSXMAG00000018120,ENSXMAG00000019002,ENSXMAG00000000022,ENSXMAG00000007990,ENSXMAG00000008684,ENSXMAG00000008741,ENSXMAG00000016616	psma3,usp16,skp1,psmc5,psmb5,hectd1,USP32,UBE3A,ube4b,UBR2,anapc11,cul4a,WWP1,psmb7,UBR1,usp25,RNF5,bap1,usp9,psmb3,USP31,ddb1,LONP1,RNF146,rad23aa,psmb2
GO:0051640	0.0201544406500272	2.38671045006761	4.9113977884888	10	41	organelle localization	ENSXMAG00000011198,ENSXMAG00000014368,ENSXMAG00000016892,ENSXMAG00000005205,ENSXMAG00000005801,ENSXMAG00000006927,ENSXMAG00000004637,ENSXMAG00000013582,ENSXMAG00000000535,ENSXMAG00000004787	tfg,zgc:153240,rhoab,exoc4,trim32,bbip1,mfn2,ocrl,exoc6b,ippk
GO:0051641	4.33766422152161e-05	1.85642742932995	37.8537000283527	62	316	cellular localization	ENSXMAG00000000350,ENSXMAG00000001388,ENSXMAG00000002443,ENSXMAG00000003519,ENSXMAG00000004329,ENSXMAG00000009504,ENSXMAG00000009922,ENSXMAG00000010517,ENSXMAG00000011198,ENSXMAG00000011294,ENSXMAG00000011485,ENSXMAG00000013149,ENSXMAG00000014368,ENSXMAG00000016892,ENSXMAG00000016926,ENSXMAG00000016937,ENSXMAG00000000415,ENSXMAG00000000433,ENSXMAG00000000669,ENSXMAG00000001032,ENSXMAG00000002745,ENSXMAG00000003339,ENSXMAG00000005205,ENSXMAG00000005752,ENSXMAG00000005801,ENSXMAG00000006205,ENSXMAG00000006927,ENSXMAG00000007246,ENSXMAG00000009113,ENSXMAG00000013186,ENSXMAG00000016953,ENSXMAG00000018000,ENSXMAG00000000828,ENSXMAG00000001791,ENSXMAG00000004482,ENSXMAG00000004637,ENSXMAG00000007662,ENSXMAG00000008118,ENSXMAG00000008458,ENSXMAG00000010930,ENSXMAG00000012250,ENSXMAG00000012793,ENSXMAG00000013582,ENSXMAG00000014884,ENSXMAG00000018175,ENSXMAG00000018208,ENSXMAG00000018792,ENSXMAG00000018805,ENSXMAG00000000535,ENSXMAG00000000752,ENSXMAG00000003514,ENSXMAG00000004787,ENSXMAG00000005243,ENSXMAG00000005909,ENSXMAG00000006960,ENSXMAG00000011931,ENSXMAG00000014130,ENSXMAG00000016375,ENSXMAG00000017141,ENSXMAG00000017916,ENSXMAG00000018357,ENSXMAG00000019291	KPNA6,atp6ap1b,ranbp1,RANBP2,ift81,SEC22C,ran,yipf4,tfg,PEX14,IPO13,yif1a,zgc:153240,rhoab,nipbla,CCDC88A,ap1g2,xpo7,VPS50,cltcb,AP2A1,spire1a,exoc4,appbp2,trim32,exoc2,bbip1,RIMS1,hook2,stx17,golt1bb,SRP72,PIK3R4,DNAJC13,cog3,mfn2,napab,ITPR1,bcap29,TOMM40L,dag1,TNPO2,ocrl,xpo4,yif1b,mzt1,kpnb1,AP3B1,exoc6b,sem1,ap3d1,ippk,RIC1,vps54,DOP1A,ap1s1,nup133,pigk,ssr3,ap1b1,kpna4,tgfbrap1
GO:0051648	0.00137485106788727	4.93588211867782	2.39580379926283	8	20	vesicle localization	ENSXMAG00000011198,ENSXMAG00000014368,ENSXMAG00000005205,ENSXMAG00000005801,ENSXMAG00000006927,ENSXMAG00000013582,ENSXMAG00000000535,ENSXMAG00000004787	tfg,zgc:153240,exoc4,trim32,bbip1,ocrl,exoc6b,ippk
GO:0051649	0.000102889634436919	1.86016613924051	33.4214629997165	55	279	establishment of localization in cell	ENSXMAG00000000350,ENSXMAG00000002443,ENSXMAG00000003519,ENSXMAG00000004329,ENSXMAG00000009504,ENSXMAG00000009922,ENSXMAG00000010517,ENSXMAG00000011198,ENSXMAG00000011294,ENSXMAG00000011485,ENSXMAG00000013149,ENSXMAG00000014368,ENSXMAG00000016892,ENSXMAG00000016937,ENSXMAG00000000415,ENSXMAG00000000433,ENSXMAG00000000669,ENSXMAG00000001032,ENSXMAG00000002745,ENSXMAG00000005205,ENSXMAG00000005752,ENSXMAG00000005801,ENSXMAG00000006927,ENSXMAG00000007246,ENSXMAG00000009113,ENSXMAG00000013186,ENSXMAG00000016953,ENSXMAG00000018000,ENSXMAG00000000828,ENSXMAG00000001791,ENSXMAG00000004482,ENSXMAG00000004637,ENSXMAG00000007662,ENSXMAG00000008118,ENSXMAG00000008458,ENSXMAG00000010930,ENSXMAG00000012793,ENSXMAG00000013582,ENSXMAG00000014884,ENSXMAG00000018175,ENSXMAG00000018792,ENSXMAG00000018805,ENSXMAG00000000535,ENSXMAG00000000752,ENSXMAG00000003514,ENSXMAG00000004787,ENSXMAG00000005243,ENSXMAG00000005909,ENSXMAG00000006960,ENSXMAG00000011931,ENSXMAG00000014130,ENSXMAG00000017141,ENSXMAG00000017916,ENSXMAG00000018357,ENSXMAG00000019291	KPNA6,ranbp1,RANBP2,ift81,SEC22C,ran,yipf4,tfg,PEX14,IPO13,yif1a,zgc:153240,rhoab,CCDC88A,ap1g2,xpo7,VPS50,cltcb,AP2A1,exoc4,appbp2,trim32,bbip1,RIMS1,hook2,stx17,golt1bb,SRP72,PIK3R4,DNAJC13,cog3,mfn2,napab,ITPR1,bcap29,TOMM40L,TNPO2,ocrl,xpo4,yif1b,kpnb1,AP3B1,exoc6b,sem1,ap3d1,ippk,RIC1,vps54,DOP1A,ap1s1,nup133,ssr3,ap1b1,kpna4,tgfbrap1
GO:0051650	0.000920504474456669	5.38546757901597	2.27601360929969	8	19	establishment of vesicle localization	ENSXMAG00000011198,ENSXMAG00000014368,ENSXMAG00000005205,ENSXMAG00000005801,ENSXMAG00000006927,ENSXMAG00000013582,ENSXMAG00000000535,ENSXMAG00000004787	tfg,zgc:153240,exoc4,trim32,bbip1,ocrl,exoc6b,ippk
GO:0051656	0.0051017369727204	3.08632734530938	4.07286645874681	10	34	establishment of organelle localization	ENSXMAG00000011198,ENSXMAG00000014368,ENSXMAG00000016892,ENSXMAG00000005205,ENSXMAG00000005801,ENSXMAG00000006927,ENSXMAG00000004637,ENSXMAG00000013582,ENSXMAG00000000535,ENSXMAG00000004787	tfg,zgc:153240,rhoab,exoc4,trim32,bbip1,mfn2,ocrl,exoc6b,ippk
GO:0051668	0.0371558584393209	2.36425328554361	3.95307626878367	8	33	localization within membrane	ENSXMAG00000001388,ENSXMAG00000000669,ENSXMAG00000005205,ENSXMAG00000006205,ENSXMAG00000018000,ENSXMAG00000012250,ENSXMAG00000017141,ENSXMAG00000017916	atp6ap1b,VPS50,exoc4,exoc2,SRP72,dag1,ssr3,ap1b1
GO:0051904	0.0337940524043909	4.21403091557669	1.31769208959456	4	11	pigment granule transport	ENSXMAG00000005801,ENSXMAG00000006927,ENSXMAG00000013582,ENSXMAG00000004787	trim32,bbip1,ocrl,ippk
GO:0060215	0.0111859093901175	4.02947231552714	2.03643322937341	6	17	primitive hemopoiesis	ENSXMAG00000010813,ENSXMAG00000017907,ENSXMAG00000005286,ENSXMAG00000016928,ENSXMAG00000013306,ENSXMAG00000018590	phf8,DHX8,etv5a,clocka,eaf1,CHD7
GO:0061009	0.0259130481757953	7.37054631828979	0.718741139778849	3	6	common bile duct development	ENSXMAG00000011214,ENSXMAG00000018063,ENSXMAG00000015078	atp6ap2,dnmt1,man1a2
GO:0061919	0.0113687457932681	2.29427083333333	6.58846044797278	13	55	process utilizing autophagic mechanism	ENSXMAG00000000325,ENSXMAG00000011652,ENSXMAG00000009806,ENSXMAG00000011389,ENSXMAG00000012847,ENSXMAG00000013631,ENSXMAG00000000828,ENSXMAG00000014982,ENSXMAG00000019275,ENSXMAG00000002371,ENSXMAG00000003514,ENSXMAG00000005775,ENSXMAG00000017429	RAB39B,zgc:92606,atg3,atg4c,stk35,lamp2,PIK3R4,ATG2B,WASHC4,bcas3,ap3d1,ULK2,ATG7
GO:0070647	0.0275233501517776	1.48927250308261	24.4371987524809	34	204	protein modification by small protein conjugation or removal	ENSXMAG00000001721,ENSXMAG00000007314,ENSXMAG00000008273,ENSXMAG00000019355,ENSXMAG00000000076,ENSXMAG00000001614,ENSXMAG00000009354,ENSXMAG00000009437,ENSXMAG00000009731,ENSXMAG00000011476,ENSXMAG00000013187,ENSXMAG00000016133,ENSXMAG00000016386,ENSXMAG00000017552,ENSXMAG00000019288,ENSXMAG00000001356,ENSXMAG00000002473,ENSXMAG00000004345,ENSXMAG00000008797,ENSXMAG00000010828,ENSXMAG00000014035,ENSXMAG00000014059,ENSXMAG00000015785,ENSXMAG00000018028,ENSXMAG00000019002,ENSXMAG00000020161,ENSXMAG00000000022,ENSXMAG00000002545,ENSXMAG00000007159,ENSXMAG00000008684,ENSXMAG00000015100,ENSXMAG00000015819,ENSXMAG00000015876,ENSXMAG00000018972	wdsub1,usp16,skp1,arih2,stub1,RING1,hectd1,USP32,UBE3A,ube4b,lnx2b,HERC2,UBR2,PIAS1,cul4a,anapc5,chfr,WWP1,cbl,HUWE1,usp25,RNF5,LONRF3,usp9,USP31,SOCS6,ddb1,rnf19a,rnf217,RNF146,DTX1,arih1,dtx4a,shrprbck1r
GO:0070727	0.00828267716091427	1.68168667602169	20.8434930535866	32	174	cellular macromolecule localization	ENSXMAG00000000350,ENSXMAG00000001388,ENSXMAG00000011294,ENSXMAG00000011485,ENSXMAG00000016926,ENSXMAG00000000415,ENSXMAG00000000433,ENSXMAG00000001032,ENSXMAG00000002745,ENSXMAG00000005205,ENSXMAG00000005752,ENSXMAG00000007246,ENSXMAG00000013186,ENSXMAG00000018000,ENSXMAG00000004482,ENSXMAG00000007662,ENSXMAG00000008458,ENSXMAG00000010930,ENSXMAG00000012250,ENSXMAG00000012793,ENSXMAG00000018208,ENSXMAG00000018792,ENSXMAG00000018805,ENSXMAG00000000535,ENSXMAG00000003514,ENSXMAG00000005243,ENSXMAG00000011931,ENSXMAG00000016375,ENSXMAG00000017141,ENSXMAG00000017916,ENSXMAG00000018357,ENSXMAG00000019291	KPNA6,atp6ap1b,PEX14,IPO13,nipbla,ap1g2,xpo7,cltcb,AP2A1,exoc4,appbp2,RIMS1,stx17,SRP72,cog3,napab,bcap29,TOMM40L,dag1,TNPO2,mzt1,kpnb1,AP3B1,exoc6b,ap3d1,RIC1,ap1s1,pigk,ssr3,ap1b1,kpna4,tgfbrap1
GO:0070918	0.00624044510550098	22.1187648456057	0.479160759852566	3	4	production of small RNA involved in gene silencing by RNA	ENSXMAG00000017836,ENSXMAG00000015721,ENSXMAG00000002426	tarbp2,dicer1,dgcr8
GO:0070936	0.0143347398736554	Inf	0.239580379926283	2	2	protein K48-linked ubiquitination	ENSXMAG00000009731,ENSXMAG00000013187	UBE3A,lnx2b
GO:0070997	0.0344151495076763	3.3538961038961	1.91664303941026	5	16	neuron death	ENSXMAG00000010813,ENSXMAG00000001378,ENSXMAG00000003296,ENSXMAG00000014007,ENSXMAG00000004970	phf8,m17,hm13,grinab,epas1b
GO:0071596	0.0395770540754496	14.7283511269276	0.359370569889424	2	3	ubiquitin-dependent protein catabolic process via the N-end rule pathway	ENSXMAG00000016386,ENSXMAG00000013626	UBR2,UBR1
GO:0071840	0.00485831868405762	1.29173967969355	129.612985540119	156	1082	cellular component organization or biogenesis	ENSXMAG00000000741,ENSXMAG00000000948,ENSXMAG00000001388,ENSXMAG00000004329,ENSXMAG00000004820,ENSXMAG00000006065,ENSXMAG00000007290,ENSXMAG00000008480,ENSXMAG00000008609,ENSXMAG00000008980,ENSXMAG00000009328,ENSXMAG00000009616,ENSXMAG00000009632,ENSXMAG00000010492,ENSXMAG00000010813,ENSXMAG00000011198,ENSXMAG00000011239,ENSXMAG00000011282,ENSXMAG00000011294,ENSXMAG00000011929,ENSXMAG00000012027,ENSXMAG00000012294,ENSXMAG00000013874,ENSXMAG00000014236,ENSXMAG00000014316,ENSXMAG00000014368,ENSXMAG00000014717,ENSXMAG00000014815,ENSXMAG00000015995,ENSXMAG00000016262,ENSXMAG00000016892,ENSXMAG00000016926,ENSXMAG00000017213,ENSXMAG00000017570,ENSXMAG00000017836,ENSXMAG00000018061,ENSXMAG00000018921,ENSXMAG00000002542,ENSXMAG00000002782,ENSXMAG00000002809,ENSXMAG00000003098,ENSXMAG00000003339,ENSXMAG00000003378,ENSXMAG00000004169,ENSXMAG00000005205,ENSXMAG00000005918,ENSXMAG00000006295,ENSXMAG00000006338,ENSXMAG00000006499,ENSXMAG00000006927,ENSXMAG00000006954,ENSXMAG00000007579,ENSXMAG00000007938,ENSXMAG00000008341,ENSXMAG00000008591,ENSXMAG00000008850,ENSXMAG00000009113,ENSXMAG00000009758,ENSXMAG00000010486,ENSXMAG00000010716,ENSXMAG00000011486,ENSXMAG00000013186,ENSXMAG00000013324,ENSXMAG00000013796,ENSXMAG00000014708,ENSXMAG00000015012,ENSXMAG00000015345,ENSXMAG00000015363,ENSXMAG00000015448,ENSXMAG00000015721,ENSXMAG00000015985,ENSXMAG00000016061,ENSXMAG00000016160,ENSXMAG00000018049,ENSXMAG00000018139,ENSXMAG00000018412,ENSXMAG00000019215,ENSXMAG00000000044,ENSXMAG00000000494,ENSXMAG00000000586,ENSXMAG00000001369,ENSXMAG00000001791,ENSXMAG00000001825,ENSXMAG00000002058,ENSXMAG00000002089,ENSXMAG00000003004,ENSXMAG00000003043,ENSXMAG00000003666,ENSXMAG00000003916,ENSXMAG00000004446,ENSXMAG00000004637,ENSXMAG00000004638,ENSXMAG00000004648,ENSXMAG00000004897,ENSXMAG00000005169,ENSXMAG00000005369,ENSXMAG00000008128,ENSXMAG00000008488,ENSXMAG00000008801,ENSXMAG00000009167,ENSXMAG00000009532,ENSXMAG00000009903,ENSXMAG00000010030,ENSXMAG00000010930,ENSXMAG00000011230,ENSXMAG00000011303,ENSXMAG00000012250,ENSXMAG00000013537,ENSXMAG00000013582,ENSXMAG00000013718,ENSXMAG00000014137,ENSXMAG00000015571,ENSXMAG00000016377,ENSXMAG00000017017,ENSXMAG00000017369,ENSXMAG00000017399,ENSXMAG00000017642,ENSXMAG00000018170,ENSXMAG00000018350,ENSXMAG00000000535,ENSXMAG00000000752,ENSXMAG00000002134,ENSXMAG00000002316,ENSXMAG00000002742,ENSXMAG00000003412,ENSXMAG00000003691,ENSXMAG00000004153,ENSXMAG00000004215,ENSXMAG00000004238,ENSXMAG00000005216,ENSXMAG00000005746,ENSXMAG00000005775,ENSXMAG00000006274,ENSXMAG00000007120,ENSXMAG00000007153,ENSXMAG00000007990,ENSXMAG00000009185,ENSXMAG00000009570,ENSXMAG00000010241,ENSXMAG00000010515,ENSXMAG00000010683,ENSXMAG00000011392,ENSXMAG00000011808,ENSXMAG00000011902,ENSXMAG00000011931,ENSXMAG00000013304,ENSXMAG00000013377,ENSXMAG00000014057,ENSXMAG00000014323,ENSXMAG00000015078,ENSXMAG00000015898,ENSXMAG00000017442,ENSXMAG00000017969,ENSXMAG00000018590,ENSXMAG00000019158,ENSXMAG00000019200	waca,ercc6l,atp6ap1b,ift81,BAZ1A,sbds,TMEM107,PDS5B,CAMSAP2,TBC1D31,psmg3,pds5a,vma21,myo9aa,phf8,tfg,DIAPH1,ing5a,PEX14,CREBBP,ATP11A,MAU2,plekha8,bms1,rhot1a,zgc:153240,baiap2l1b,MAP7D1,rp2,kat7b,rhoab,nipbla,CNTN1,CLIP1,tarbp2,eif3g,tsr3,carm1,isca1,elmo1,eif3k,spire1a,kdm5ba,supt5h,exoc4,ruvbl2,pomp,ARID1B,cand1,bbip1,nbn,kcnd3,ndufa11,BPTF,cluha,snrpe,hook2,l3mbtl2,RTTN,ARID1A,nlgn3b,stx17,ccdc32,eif3c,MBTD1,ybey,TOP1,SHPRH,snrpf,dicer1,kdm2aa,tmem231,pbrm1l,prc1b,ftsj3,WAS,sema5a,HIRA,ADAMTS7,PIK3CA,PLXNA1,DNAJC13,elp3,snrnp200,arl13b,JAK2,clasp2,CABIN1,wash1,cyfip2,mfn2,pdcd11,KDM7A,notum2,dffb,cad,kdm1a,ADAMTSL1,cluap1,nr3c1,gemin2,wasf3b,spice1,TOMM40L,sema3aa,top2a,dag1,cdc42bpb,ocrl,setb,nop14,atp10d,reep5,extl3,P4HTM,twf1a,KCTD3,mfn1b,tspy,exoc6b,sem1,mtfr1l,GAR1,sycp1,brd2a,EP300,rab33ba,SATB2,rab4b,clasp1a,miga2,ULK2,zdhhc17,miga1,wdr11,LONP1,rock2a,mms19,pin4,kat6a,wasla,NYAP1,fsd1,ap1s1,ATP11C,bag6,KDM2B,EPC1,man1a2,chd1l,npr1a,rpf1,CHD7,mtss1la,fbxo18
GO:0080009	0.0142128596761865	11.0576009501188	0.598950949815707	3	5	mRNA methylation	ENSXMAG00000003331,ENSXMAG00000012423,ENSXMAG00000012427	wtap,zc3h13,pcif1
GO:0090304	0.0420718511594557	1.18032486901774	148.420045364332	167	1239	nucleic acid metabolic process	ENSXMAG00000000085,ENSXMAG00000000827,ENSXMAG00000001018,ENSXMAG00000001795,ENSXMAG00000001963,ENSXMAG00000002227,ENSXMAG00000003023,ENSXMAG00000003331,ENSXMAG00000003554,ENSXMAG00000005445,ENSXMAG00000006522,ENSXMAG00000006974,ENSXMAG00000007309,ENSXMAG00000007745,ENSXMAG00000009112,ENSXMAG00000010069,ENSXMAG00000010813,ENSXMAG00000011929,ENSXMAG00000012423,ENSXMAG00000014236,ENSXMAG00000014465,ENSXMAG00000014535,ENSXMAG00000016262,ENSXMAG00000016475,ENSXMAG00000016767,ENSXMAG00000017099,ENSXMAG00000017447,ENSXMAG00000017836,ENSXMAG00000018160,ENSXMAG00000018636,ENSXMAG00000018818,ENSXMAG00000018921,ENSXMAG00000000679,ENSXMAG00000000693,ENSXMAG00000001454,ENSXMAG00000001550,ENSXMAG00000002082,ENSXMAG00000002967,ENSXMAG00000003510,ENSXMAG00000004032,ENSXMAG00000004093,ENSXMAG00000004169,ENSXMAG00000004669,ENSXMAG00000004713,ENSXMAG00000005015,ENSXMAG00000005364,ENSXMAG00000005735,ENSXMAG00000005765,ENSXMAG00000005918,ENSXMAG00000006408,ENSXMAG00000006816,ENSXMAG00000006954,ENSXMAG00000008341,ENSXMAG00000008850,ENSXMAG00000008978,ENSXMAG00000009671,ENSXMAG00000009758,ENSXMAG00000009877,ENSXMAG00000011644,ENSXMAG00000012033,ENSXMAG00000012662,ENSXMAG00000012755,ENSXMAG00000013158,ENSXMAG00000014708,ENSXMAG00000015012,ENSXMAG00000015052,ENSXMAG00000015345,ENSXMAG00000015369,ENSXMAG00000015448,ENSXMAG00000015721,ENSXMAG00000016302,ENSXMAG00000017562,ENSXMAG00000017907,ENSXMAG00000018063,ENSXMAG00000018139,ENSXMAG00000018411,ENSXMAG00000019037,ENSXMAG00000000044,ENSXMAG00000000397,ENSXMAG00000001825,ENSXMAG00000001905,ENSXMAG00000002058,ENSXMAG00000002426,ENSXMAG00000002472,ENSXMAG00000002540,ENSXMAG00000002608,ENSXMAG00000002765,ENSXMAG00000003474,ENSXMAG00000004638,ENSXMAG00000005169,ENSXMAG00000005196,ENSXMAG00000005286,ENSXMAG00000005531,ENSXMAG00000006417,ENSXMAG00000006676,ENSXMAG00000006896,ENSXMAG00000007644,ENSXMAG00000008026,ENSXMAG00000008128,ENSXMAG00000009020,ENSXMAG00000009151,ENSXMAG00000009167,ENSXMAG00000009282,ENSXMAG00000009532,ENSXMAG00000009600,ENSXMAG00000010816,ENSXMAG00000010828,ENSXMAG00000011303,ENSXMAG00000011305,ENSXMAG00000011864,ENSXMAG00000012464,ENSXMAG00000012853,ENSXMAG00000013134,ENSXMAG00000013157,ENSXMAG00000013436,ENSXMAG00000013564,ENSXMAG00000014017,ENSXMAG00000015121,ENSXMAG00000015760,ENSXMAG00000015931,ENSXMAG00000016928,ENSXMAG00000018454,ENSXMAG00000018630,ENSXMAG00000018708,ENSXMAG00000019279,ENSXMAG00000000022,ENSXMAG00000000108,ENSXMAG00000000242,ENSXMAG00000000274,ENSXMAG00000000752,ENSXMAG00000000917,ENSXMAG00000002014,ENSXMAG00000002259,ENSXMAG00000002316,ENSXMAG00000002564,ENSXMAG00000003549,ENSXMAG00000003691,ENSXMAG00000004188,ENSXMAG00000004501,ENSXMAG00000005729,ENSXMAG00000006297,ENSXMAG00000006872,ENSXMAG00000007623,ENSXMAG00000007630,ENSXMAG00000007850,ENSXMAG00000008741,ENSXMAG00000009281,ENSXMAG00000009402,ENSXMAG00000009570,ENSXMAG00000010241,ENSXMAG00000010449,ENSXMAG00000010515,ENSXMAG00000011421,ENSXMAG00000012427,ENSXMAG00000013306,ENSXMAG00000014057,ENSXMAG00000014260,ENSXMAG00000014323,ENSXMAG00000014879,ENSXMAG00000015898,ENSXMAG00000016342,ENSXMAG00000016384,ENSXMAG00000016907,ENSXMAG00000017187,ENSXMAG00000017969,ENSXMAG00000018590,ENSXMAG00000018961	ints2,fmr1,snrpd2,HMBOX1,NFX1,trnt1,ubp1,wtap,tsc22d1,zranb2,xrcc1,brca2,bach1a,pole,atrx,nfyal,phf8,CREBBP,zc3h13,bms1,taf12,stat5b,kat7b,CELF3,elk3,rbm39b,cnot7,tarbp2,sart3,iars2,tsen54,tsr3,phf5a,ZFHX4,LARS1,swi5,pde8a,SFMBT2,foxk1,POLR1A,bcl9,supt5h,E2F1,prpf18,rfx3,hsbp1a,edc4,ctdp1,ruvbl2,zbtb8os,cdc5l,nbn,BPTF,snrpe,ctbp1,mrtfab,l3mbtl2,RBPJ,foxk2a,tbxta,zgc:163098,smndc1,FOXK2,MBTD1,ybey,YEATS2,TOP1,NFKB1,snrpf,dicer1,trit1,iars1,DHX8,dnmt1,ftsj3,GPBP1L1,pola1,HIRA,ATF2,elp3,HSF1,snrnp200,dgcr8,POP1,upf1,u2surp,ccar1,yeats4,pdcd11,dffb,ythdc1,etv5a,spic,cry2,RFX7,crnkl1,mllt3,cherp,kdm1a,sfswap,LSM3,nr3c1,ctr9,gemin2,TARBP1,ERF,HUWE1,top2a,dhx9,chaf1a,POLRMT,RFX1,VIRMA,fosl1a,nr2f5,pbx2,rbm24b,rxrbb,NKX2-8,qars1,clocka,ELOB,lsm7,ncln,cnot2,ddb1,med13a,xrn2,med12,sem1,POLG,thoc7,inip,GAR1,mllt1b,snapc5,EP300,wdr33,nbas,pus10,magoh,pcf11,dcp2,bcl9l,mta2,rad23aa,ATR,gars1,mms19,pin4,ppardb,kat6a,TLX3,pcif1,eaf1,KDM2B,pax6b,EPC1,pax2b,chd1l,ctcf,tert,PNPT1,ISL2,rpf1,CHD7,med15
GO:0090522	0.0395770540754496	14.7283511269276	0.359370569889424	2	3	vesicle tethering involved in exocytosis	ENSXMAG00000005205,ENSXMAG00000000535	exoc4,exoc6b
GO:0090630	0.0395770540754496	14.7283511269276	0.359370569889424	2	3	activation of GTPase activity	ENSXMAG00000017609,ENSXMAG00000007277	TIAM1
GO:0097035	0.0460085875864249	3.68668252080856	1.4374822795577	4	12	regulation of membrane lipid distribution	ENSXMAG00000012027,ENSXMAG00000015571,ENSXMAG00000011392,ENSXMAG00000013304	ATP11A,atp10d,ATP11C
GO:0097164	0.0395770540754496	14.7283511269276	0.359370569889424	2	3	ammonium ion metabolic process	ENSXMAG00000007103,ENSXMAG00000019281	tph1a,CHDH
GO:0098781	0.0259130481757953	7.37054631828979	0.718741139778849	3	6	ncRNA transcription	ENSXMAG00000004032,ENSXMAG00000014057,ENSXMAG00000018590	POLR1A,KDM2B,CHD7
GO:0098795	0.0395770540754496	14.7283511269276	0.359370569889424	2	3	mRNA cleavage involved in gene silencing	ENSXMAG00000017836,ENSXMAG00000015721	tarbp2,dicer1
GO:0099022	0.00624044510550098	22.1187648456057	0.479160759852566	3	4	vesicle tethering	ENSXMAG00000014368,ENSXMAG00000005205,ENSXMAG00000000535	zgc:153240,exoc4,exoc6b
GO:0140029	0.0395770540754496	14.7283511269276	0.359370569889424	2	3	exocytic process	ENSXMAG00000005205,ENSXMAG00000000535	exoc4,exoc6b
GO:1900108	0.0395770540754496	14.7283511269276	0.359370569889424	2	3	negative regulation of nodal signaling pathway	ENSXMAG00000004922,ENSXMAG00000018708	araf,ncln
GO:1901214	0.0193082586858409	4.1005291005291	1.67706265948398	5	14	regulation of neuron death	ENSXMAG00000010813,ENSXMAG00000001378,ENSXMAG00000003296,ENSXMAG00000014007,ENSXMAG00000004970	phf8,m17,hm13,grinab,epas1b
GO:1901565	0.0295830588446355	1.48866995073892	23.718457612702	33	198	organonitrogen compound catabolic process	ENSXMAG00000004893,ENSXMAG00000005276,ENSXMAG00000007314,ENSXMAG00000008273,ENSXMAG00000016945,ENSXMAG00000000493,ENSXMAG00000002082,ENSXMAG00000004254,ENSXMAG00000008179,ENSXMAG00000009354,ENSXMAG00000009437,ENSXMAG00000009731,ENSXMAG00000011476,ENSXMAG00000011825,ENSXMAG00000016386,ENSXMAG00000018021,ENSXMAG00000019288,ENSXMAG00000004345,ENSXMAG00000007535,ENSXMAG00000013626,ENSXMAG00000014035,ENSXMAG00000014059,ENSXMAG00000017166,ENSXMAG00000018028,ENSXMAG00000018120,ENSXMAG00000018842,ENSXMAG00000019002,ENSXMAG00000000022,ENSXMAG00000007990,ENSXMAG00000008684,ENSXMAG00000008741,ENSXMAG00000009185,ENSXMAG00000016616	psma3,ALDH1L2,usp16,skp1,psmc5,psmb5,pde8a,pcyox1,psmd2,hectd1,USP32,UBE3A,ube4b,sat1b,UBR2,anapc11,cul4a,WWP1,psmb7,UBR1,usp25,RNF5,bap1,usp9,psmb3,PDE8B,USP31,ddb1,LONP1,RNF146,rad23aa,rock2a,psmb2
GO:1904888	0.0085681214101559	2.15953503673648	8.50510348738304	16	71	cranial skeletal system development	ENSXMAG00000010813,ENSXMAG00000004032,ENSXMAG00000004093,ENSXMAG00000008661,ENSXMAG00000011408,ENSXMAG00000015721,ENSXMAG00000009167,ENSXMAG00000013436,ENSXMAG00000013582,ENSXMAG00000014017,ENSXMAG00000016958,ENSXMAG00000004501,ENSXMAG00000010515,ENSXMAG00000014057,ENSXMAG00000018590,ENSXMAG00000018972	phf8,POLR1A,bcl9,ndst1a,fam20b,dicer1,nr3c1,nr2f5,ocrl,rbm24b,tmem165,nbas,kat6a,KDM2B,CHD7,shrprbck1r
